Progeny Sire    Dam     Sex  G   NMPrg NFPrg F        Homo     Phen      Res       Polygene  QTL      
1       0       0       M   0    3     3     0.000000 1.000000 +0.862384 +1.215383 -0.000000 -0.353000
2       0       0       M   0    2     4     0.000000 1.000000 +0.271413 +0.624413 +0.000000 -0.353000
3       0       0       M   0    2     4     0.000000 0.000000 +1.149220 +1.076550 +0.000000 +0.072670
4       0       0       M   0    2     4     0.000000 1.000000 -1.037371 -0.684371 -0.000000 -0.353000
5       0       0       M   0    5     1     0.000000 0.000000 -0.265799 -0.338469 +0.000000 +0.072670
6       0       0       M   0    4     2     0.000000 0.000000 +0.001110 -0.071560 -0.000000 +0.072670
7       0       0       M   0    2     4     0.000000 1.000000 -1.362030 -1.009030 +0.000000 -0.353000
8       0       0       M   0    3     3     0.000000 0.000000 -0.153652 -0.226321 +0.000000 +0.072670
9       0       0       M   0    2     4     0.000000 1.000000 +0.606363 +0.959362 +0.000000 -0.353000
10      0       0       M   0    5     1     0.000000 1.000000 -0.399064 -0.046065 +0.000000 -0.353000
11      0       0       F   0    0     2     0.000000 1.000000 -0.989524 -0.636525 -0.000000 -0.353000
12      0       0       F   0    1     1     0.000000 0.000000 -0.471111 -0.543781 +0.000000 +0.072670
13      0       0       F   0    1     1     0.000000 1.000000 +1.639756 +1.141417 -0.000000 +0.498339
14      0       0       F   0    1     1     0.000000 1.000000 -0.090953 +0.262047 +0.000000 -0.353000
15      0       0       F   0    0     2     0.000000 0.000000 -1.338411 -1.411081 -0.000000 +0.072670
16      0       0       F   0    1     1     0.000000 1.000000 -0.862513 -0.509513 -0.000000 -0.353000
17      0       0       F   0    1     1     0.000000 0.000000 +0.301093 +0.228424 +0.000000 +0.072670
18      0       0       F   0    1     1     0.000000 0.000000 -0.768404 -0.841074 +0.000000 +0.072670
19      0       0       F   0    1     1     0.000000 0.000000 +0.480282 +0.407613 +0.000000 +0.072670
20      0       0       F   0    0     2     0.000000 0.000000 +1.909753 +0.097956 -0.000000 +1.811797
21      0       0       F   0    0     2     0.000000 0.000000 -0.395751 -0.468421 +0.000000 +0.072670
22      0       0       F   0    2     0     0.000000 1.000000 +0.292056 +0.645056 -0.000000 -0.353000
23      0       0       F   0    1     1     0.000000 1.000000 -1.095791 -0.742791 -0.000000 -0.353000
24      0       0       F   0    1     1     0.000000 1.000000 -0.511631 -0.158631 +0.000000 -0.353000
25      0       0       F   0    2     0     0.000000 0.000000 -0.235019 -0.307689 -0.000000 +0.072670
26      0       0       F   0    1     1     0.000000 0.000000 +0.320175 +0.247505 -0.000000 +0.072670
27      0       0       F   0    1     1     0.000000 1.000000 +1.375194 -0.010933 -0.000000 +1.386127
28      0       0       F   0    2     0     0.000000 1.000000 +0.654577 +1.007577 -0.000000 -0.353000
29      0       0       F   0    2     0     0.000000 0.000000 -0.140662 -0.213332 -0.000000 +0.072670
30      0       0       F   0    2     0     0.000000 0.000000 +0.269699 +0.197029 -0.000000 +0.072670
31      0       0       F   0    2     0     0.000000 0.000000 -1.214916 -1.287585 +0.000000 +0.072670
32      0       0       F   0    1     1     0.000000 0.000000 -0.618300 -0.690969 -0.000000 +0.072670
33      0       0       F   0    1     1     0.000000 1.000000 +0.367095 -0.131244 -0.000000 +0.498339
34      0       0       F   0    1     1     0.000000 0.000000 +0.144298 +0.071628 -0.000000 +0.072670
35      0       0       F   0    0     2     0.000000 0.000000 +0.309557 +0.236888 +0.000000 +0.072670
36      0       0       F   0    2     0     0.000000 1.000000 +1.583742 +1.936742 +0.000000 -0.353000
37      0       0       F   0    1     1     0.000000 0.000000 -2.263880 -2.336550 -0.000000 +0.072670
38      0       0       F   0    0     2     0.000000 1.000000 +0.870459 +1.223459 +0.000000 -0.353000
39      0       0       F   0    1     1     0.000000 1.000000 +0.583821 +0.936821 +0.000000 -0.353000
40      0       0       F   0    0     2     0.000000 0.000000 -0.743591 -0.816261 +0.000000 +0.072670
41      8       36      M   1    0     0     0.000000 0.000000 -0.110979 -0.183649 +0.000000 +0.072670
42      8       36      M   1    2     4     0.000000 0.000000 +0.458154 +0.385484 +0.000000 +0.072670
43      8       12      M   1    2     4     0.000000 0.000000 -0.269710 -0.342380 +0.000000 +0.072670
44      8       12      F   1    1     1     0.000000 0.000000 +0.243239 +0.170570 +0.000000 +0.072670
45      8       38      F   1    0     2     0.000000 1.000000 -0.167515 +0.185485 +0.000000 -0.353000
46      8       38      F   1    0     2     0.000000 1.000000 +0.151679 +0.504679 +0.000000 -0.353000
47      7       35      F   1    2     0     0.000000 1.000000 -0.645549 -0.292550 +0.000000 -0.353000
48      7       35      F   1    2     0     0.000000 0.000000 -0.203645 -0.276315 +0.000000 +0.072670
49      7       18      M   1    0     0     0.000000 0.000000 -0.261234 -0.333903 +0.000000 +0.072670
50      7       18      F   1    2     0     0.000000 0.000000 +0.099034 +0.026364 +0.000000 +0.072670
51      7       13      M   1    0     0     0.000000 0.000000 +0.880781 +0.808112 +0.000000 +0.072670
52      7       13      F   1    1     1     0.000000 0.000000 +1.057644 +0.984975 +0.000000 +0.072670
53      9       26      M   1    0     0     0.000000 0.000000 +0.153123 +0.080453 +0.000000 +0.072670
54      9       26      F   1    1     1     0.000000 0.000000 +1.600639 +1.527970 +0.000000 +0.072670
55      9       15      F   1    2     0     0.000000 1.000000 +0.093674 +0.446674 +0.000000 -0.353000
56      9       15      F   1    2     0     0.000000 1.000000 -0.823976 -0.470976 +0.000000 -0.353000
57      9       34      F   1    1     1     0.000000 1.000000 +0.227388 +0.580388 +0.000000 -0.353000
58      9       34      M   1    0     0     0.000000 1.000000 -1.272797 -0.919797 +0.000000 -0.353000
59      10      16      M   1    3     3     0.000000 1.000000 -0.380939 -0.027939 +0.000000 -0.353000
60      10      16      F   1    2     0     0.000000 1.000000 -0.698601 -0.345602 +0.000000 -0.353000
61      10      22      M   1    0     0     0.000000 1.000000 +1.706521 +2.059521 +0.000000 -0.353000
62      10      22      M   1    5     1     0.000000 1.000000 -1.305448 -0.952448 +0.000000 -0.353000
63      10      31      M   1    0     0     0.000000 0.000000 -0.470697 -0.543366 +0.000000 +0.072670
64      10      31      M   1    0     0     0.000000 0.000000 -0.384570 -0.457239 +0.000000 +0.072670
65      6       19      M   1    0     0     0.000000 0.000000 +0.581440 +0.508770 +0.000000 +0.072670
66      6       19      F   1    2     0     0.000000 1.000000 +2.064235 +1.565895 +0.000000 +0.498339
67      6       29      M   1    0     0     0.000000 1.000000 +0.900913 +0.402573 +0.000000 +0.498339
68      6       29      M   1    0     0     0.000000 1.000000 -1.382208 -1.029208 +0.000000 -0.353000
69      6       33      F   1    0     2     0.000000 1.000000 +1.274305 +0.775966 +0.000000 +0.498339
70      6       33      M   1    0     0     0.000000 1.000000 +1.658047 +1.159708 +0.000000 +0.498339
71      1       14      F   1    1     1     0.000000 1.000000 -1.756217 -1.403217 +0.000000 -0.353000
72      1       14      M   1    0     0     0.000000 1.000000 -0.389874 -0.036874 +0.000000 -0.353000
73      1       27      F   1    1     1     0.000000 1.000000 -2.120630 -1.767630 +0.000000 -0.353000
74      1       27      M   1    3     3     0.000000 1.000000 +2.861231 +1.475104 +0.000000 +1.386127
75      1       17      M   1    0     0     0.000000 1.000000 -0.062273 +0.290727 +0.000000 -0.353000
76      1       17      F   1    2     0     0.000000 1.000000 -0.968076 -0.615076 +0.000000 -0.353000
77      3       39      M   1    0     6     0.000000 1.000000 +0.610734 +0.963733 +0.000000 -0.353000
78      3       39      F   1    0     2     0.000000 0.000000 +2.682841 +2.610171 +0.000000 +0.072670
79      3       40      F   1    1     1     0.000000 1.000000 +0.182526 -0.315813 +0.000000 +0.498339
80      3       40      F   1    0     2     0.000000 1.000000 -0.512877 -1.011216 +0.000000 +0.498339
81      3       32      F   1    0     2     0.000000 0.000000 -0.350729 -0.423399 +0.000000 +0.072670
82      3       32      M   1    0     0     0.000000 1.000000 -0.127513 +0.225487 +0.000000 -0.353000
83      2       21      F   1    1     1     0.000000 1.000000 -1.049646 -0.696646 +0.000000 -0.353000
84      2       21      F   1    1     1     0.000000 1.000000 -0.644368 -0.291368 +0.000000 -0.353000
85      2       30      M   1    0     0     0.000000 1.000000 +0.016175 +0.369175 +0.000000 -0.353000
86      2       30      M   1    0     0     0.000000 1.000000 -1.285430 -0.932430 +0.000000 -0.353000
87      2       11      F   1    1     1     0.000000 1.000000 +0.496397 +0.849396 +0.000000 -0.353000
88      2       11      F   1    1     1     0.000000 1.000000 -0.512737 -0.159737 +0.000000 -0.353000
89      4       20      F   1    2     0     0.000000 1.000000 +1.065935 -0.320192 +0.000000 +1.386127
90      4       20      F   1    1     1     0.000000 1.000000 +0.151894 -1.234234 +0.000000 +1.386127
91      4       23      M   1    0     0     0.000000 1.000000 +0.636965 +0.989964 +0.000000 -0.353000
92      4       23      F   1    0     2     0.000000 1.000000 +0.123869 +0.476869 +0.000000 -0.353000
93      4       37      M   1    3     3     0.000000 0.000000 +0.613286 +0.540616 +0.000000 +0.072670
94      4       37      F   1    0     2     0.000000 1.000000 +1.190212 +1.543212 +0.000000 -0.353000
95      5       28      M   1    1     5     0.000000 0.000000 +1.758421 +1.685751 +0.000000 +0.072670
96      5       28      M   1    6     0     0.000000 0.000000 -1.124019 -1.196689 +0.000000 +0.072670
97      5       25      M   1    0     0     0.000000 1.000000 +1.068257 +0.569918 +0.000000 +0.498339
98      5       25      M   1    5     1     0.000000 0.000000 +0.148651 +0.075982 +0.000000 +0.072670
99      5       24      M   1    0     0     0.000000 0.000000 +0.199957 +0.127287 +0.000000 +0.072670
100     5       24      F   1    0     2     0.000000 1.000000 +1.103831 +1.456831 +0.000000 -0.353000
101     62      84      M   2    0     0     0.000000 1.000000 -1.193910 -0.840910 +0.000000 -0.353000
102     62      84      F   2    1     1     0.000000 1.000000 +0.431513 +0.784513 +0.000000 -0.353000
103     62      89      M   2    0     0     0.000000 1.000000 +0.883396 -0.502731 +0.000000 +1.386127
104     62      89      M   2    0     0     0.000000 1.000000 +0.100873 -1.285255 +0.000000 +1.386127
105     62      48      M   2    4     2     0.000000 0.000000 +0.017453 -0.055216 +0.000000 +0.072670
106     62      48      M   2    0     0     0.000000 0.000000 -0.989429 -1.062098 +0.000000 +0.072670
107     96      76      M   2    2     4     0.000000 1.000000 -0.371499 -0.018499 +0.000000 -0.353000
108     96      76      M   2    5     1     0.000000 0.000000 -0.607533 -0.680203 +0.000000 +0.072670
109     96      56      M   2    3     3     0.000000 1.000000 -0.087223 +0.265777 +0.000000 -0.353000
110     96      56      M   2    4     2     0.000000 0.000000 +1.199839 +1.127169 +0.000000 +0.072670
111     96      47      M   2    0     0     0.000000 0.000000 -0.719418 -0.792087 +0.000000 +0.072670
112     96      47      M   2    0     0     0.000000 1.000000 -1.718518 -1.365518 +0.000000 -0.353000
113     95      90      M   2    2     4     0.000000 1.000000 +0.168657 -1.217471 +0.000000 +1.386127
114     95      90      F   2    1     1     0.000000 1.000000 +1.566149 +0.180021 +0.000000 +1.386127
115     95      94      F   2    0     2     0.000000 0.000000 -1.057785 -1.130454 +0.000000 +0.072670
116     95      94      F   2    1     1     0.000000 0.000000 +0.934586 +0.861916 +0.000000 +0.072670
117     95      81      F   2    2     0     0.000000 1.000000 -0.775335 -0.422336 +0.000000 -0.353000
118     95      81      F   2    0     2     0.000000 0.000000 -1.118320 -1.190990 +0.000000 +0.072670
119     74      88      F   2    1     1     0.000000 1.000000 -0.470318 -0.117318 +0.000000 -0.353000
120     74      88      M   2    0     0     0.000000 1.000000 -1.073792 -0.720792 +0.000000 -0.353000
121     74      79      F   2    0     2     0.000000 0.000000 -0.326516 -0.399186 +0.000000 +0.072670
122     74      79      M   2    4     2     0.000000 0.000000 +2.817892 +1.006095 +0.000000 +1.811797
123     74      71      F   2    2     0     0.125000 1.000000 -1.264028 -0.911029 +0.000000 -0.353000
124     74      71      M   2    0     0     0.125000 1.000000 -0.847490 -0.494490 +0.000000 -0.353000
125     93      73      F   2    1     1     0.000000 1.000000 +0.534784 +0.887784 +0.000000 -0.353000
126     93      73      M   2    0     0     0.000000 1.000000 -1.638193 -1.285194 +0.000000 -0.353000
127     93      69      F   2    2     0     0.000000 1.000000 +0.493580 -0.004759 +0.000000 +0.498339
128     93      69      F   2    0     2     0.000000 1.000000 -0.212285 -0.710624 +0.000000 +0.498339
129     93      60      M   2    0     0     0.000000 0.000000 +1.724885 +1.652216 +0.000000 +0.072670
130     93      60      M   2    0     0     0.000000 1.000000 +0.070689 +0.423688 +0.000000 -0.353000
131     98      55      M   2    1     5     0.000000 0.000000 +0.227671 +0.155001 +0.000000 +0.072670
132     98      55      M   2    3     3     0.000000 1.000000 -0.917520 -0.564520 +0.000000 -0.353000
133     98      54      F   2    1     1     0.000000 0.000000 -0.631936 -0.704605 +0.000000 +0.072670
134     98      54      M   2    0     0     0.000000 1.000000 -0.045476 -0.543815 +0.000000 +0.498339
135     98      66      M   2    0     0     0.000000 1.000000 -0.171842 -0.670181 +0.000000 +0.498339
136     98      66      M   2    0     0     0.000000 0.000000 -0.293035 -0.365704 +0.000000 +0.072670
137     42      44      F   2    1     1     0.125000 1.000000 -0.112769 +0.240231 +0.000000 -0.353000
138     42      44      M   2    0     0     0.125000 1.000000 +0.271897 +0.624897 +0.000000 -0.353000
139     42      92      F   2    1     1     0.000000 0.000000 +2.705990 +2.633320 +0.000000 +0.072670
140     42      92      F   2    1     1     0.000000 1.000000 +0.236914 +0.589914 +0.000000 -0.353000
141     42      57      F   2    1     1     0.000000 1.000000 -1.293237 -0.940237 +0.000000 -0.353000
142     42      57      M   2    0     0     0.000000 1.000000 -1.031561 -0.678562 +0.000000 -0.353000
143     43      87      F   2    1     1     0.000000 1.000000 +0.559482 +0.912482 +0.000000 -0.353000
144     43      87      M   2    0     0     0.000000 1.000000 +0.117366 +0.470365 +0.000000 -0.353000
145     43      83      F   2    1     1     0.000000 0.000000 +0.061920 -0.010750 +0.000000 +0.072670
146     43      83      M   2    0     0     0.000000 1.000000 -0.169322 +0.183678 +0.000000 -0.353000
147     43      80      F   2    0     2     0.000000 1.000000 +2.179122 +1.680782 +0.000000 +0.498339
148     43      80      F   2    1     1     0.000000 0.000000 +0.111810 +0.039140 +0.000000 +0.072670
149     77      45      F   2    2     0     0.000000 1.000000 +0.272447 +0.625447 +0.000000 -0.353000
150     77      45      F   2    1     1     0.000000 1.000000 -1.081406 -0.728406 +0.000000 -0.353000
151     77      46      F   2    0     2     0.000000 1.000000 -1.078496 -0.725497 +0.000000 -0.353000
152     77      46      F   2    2     0     0.000000 1.000000 -1.808765 -1.455766 +0.000000 -0.353000
153     77      78      F   2    0     2     0.250000 0.000000 +0.641436 +0.568767 +0.000000 +0.072670
154     77      78      F   2    2     0     0.250000 1.000000 +0.538449 +0.891448 +0.000000 -0.353000
155     59      100     F   2    0     2     0.000000 1.000000 +1.343760 +1.696760 +0.000000 -0.353000
156     59      100     F   2    2     0     0.000000 1.000000 -1.053615 -0.700616 +0.000000 -0.353000
157     59      52      M   2    2     4     0.000000 0.000000 -0.648962 -0.721632 +0.000000 +0.072670
158     59      52      F   2    2     0     0.000000 1.000000 -0.238083 +0.114917 +0.000000 -0.353000
159     59      50      M   2    0     0     0.000000 0.000000 -2.460588 -2.533257 +0.000000 +0.072670
160     59      50      M   2    0     0     0.000000 0.000000 +0.231094 +0.158424 +0.000000 +0.072670
161     132     147     F   3    1     1     0.000000 0.000000 +0.708440 +0.635771 +0.000000 +0.072670
162     132     147     F   3    0     2     0.000000 0.000000 -0.450320 -0.522990 +0.000000 +0.072670
163     132     119     M   3    0     0     0.000000 1.000000 -0.425903 -0.072903 +0.000000 -0.353000
164     132     119     F   3    1     1     0.000000 1.000000 +1.850005 +2.203005 +0.000000 -0.353000
165     132     152     M   3    0     0     0.000000 1.000000 -1.929603 -1.576603 +0.000000 -0.353000
166     132     152     M   3    4     2     0.000000 1.000000 -1.165216 -0.812217 +0.000000 -0.353000
167     131     153     F   3    2     0     0.000000 0.000000 -1.079389 -1.152058 +0.000000 +0.072670
168     131     153     F   3    1     1     0.000000 0.000000 -0.778492 -0.851162 +0.000000 +0.072670
169     131     155     F   3    0     2     0.031250 0.000000 -0.733169 -0.805838 +0.000000 +0.072670
170     131     155     F   3    1     1     0.031250 1.000000 -1.941288 -1.588288 +0.000000 -0.353000
171     131     133     F   3    0     2     0.156250 1.000000 -0.146681 -0.645020 +0.000000 +0.498339
172     131     133     M   3    0     0     0.156250 0.000000 +0.786752 +0.714082 +0.000000 +0.072670
173     105     117     M   3    0     0     0.000000 1.000000 -0.740601 -0.387601 +0.000000 -0.353000
174     105     117     M   3    0     0     0.000000 0.000000 +0.072096 -0.000574 +0.000000 +0.072670
175     105     102     M   3    3     3     0.125000 1.000000 +0.427913 +0.780912 +0.000000 -0.353000
176     105     102     F   3    1     1     0.125000 1.000000 +0.065325 +0.418324 +0.000000 -0.353000
177     105     148     M   3    0     0     0.000000 1.000000 -0.162370 +0.190630 +0.000000 -0.353000
178     105     148     F   3    1     1     0.000000 1.000000 +0.251433 -0.246907 +0.000000 +0.498339
179     157     118     F   3    0     2     0.000000 1.000000 +1.009199 +1.362199 +0.000000 -0.353000
180     157     118     F   3    1     1     0.000000 0.000000 +0.038117 -0.034552 +0.000000 +0.072670
181     157     116     M   3    0     0     0.000000 1.000000 +1.450212 +1.803212 +0.000000 -0.353000
182     157     116     F   3    2     0     0.000000 1.000000 +2.425842 +1.927503 +0.000000 +0.498339
183     157     125     F   3    2     0     0.000000 0.000000 -0.040605 -0.113275 +0.000000 +0.072670
184     157     125     M   3    4     2     0.000000 0.000000 +1.062425 +0.989756 +0.000000 +0.072670
185     113     151     F   3    1     1     0.000000 1.000000 -0.243599 +0.109401 +0.000000 -0.353000
186     113     151     F   3    1     1     0.000000 1.000000 -0.800310 -0.447310 +0.000000 -0.353000
187     113     121     F   3    1     1     0.000000 0.000000 +0.777903 +0.705234 +0.000000 +0.072670
188     113     121     F   3    0     2     0.000000 1.000000 +0.354438 +0.707438 +0.000000 -0.353000
189     113     154     M   3    0     0     0.000000 1.000000 -1.258699 -0.905699 +0.000000 -0.353000
190     113     154     M   3    3     3     0.000000 1.000000 +3.082441 +1.696313 +0.000000 +1.386127
191     110     156     M   3    0     0     0.031250 1.000000 -0.606522 -0.253522 +0.000000 -0.353000
192     110     156     M   3    0     0     0.031250 1.000000 -0.216970 +0.136030 +0.000000 -0.353000
193     110     115     F   3    1     1     0.062500 1.000000 +1.380733 +0.882394 +0.000000 +0.498339
194     110     115     F   3    1     1     0.062500 0.000000 -0.860299 -0.932969 +0.000000 +0.072670
195     110     123     M   3    0     0     0.000000 1.000000 -0.339970 +0.013029 +0.000000 -0.353000
196     110     123     M   3    0     0     0.000000 0.000000 +1.172390 +1.099720 +0.000000 +0.072670
197     107     128     F   3    1     1     0.000000 0.000000 -1.131513 -1.204183 +0.000000 +0.072670
198     107     128     F   3    1     1     0.000000 0.000000 +0.278345 +0.205675 +0.000000 +0.072670
199     107     145     F   3    1     1     0.000000 1.000000 -0.293268 +0.059732 +0.000000 -0.353000
200     107     145     M   3    0     0     0.000000 0.000000 -0.317497 -0.390167 +0.000000 +0.072670
201     107     139     F   3    2     0     0.000000 1.000000 +0.117464 +0.470463 +0.000000 -0.353000
202     107     139     M   3    4     2     0.000000 1.000000 +0.450583 +0.803583 +0.000000 -0.353000
203     108     158     M   3    4     2     0.000000 1.000000 -0.833077 -0.480077 +0.000000 -0.353000
204     108     158     M   3    0     0     0.000000 1.000000 -1.048634 -0.695634 +0.000000 -0.353000
205     108     150     M   3    0     0     0.000000 0.000000 +2.514642 +2.441972 +0.000000 +0.072670
206     108     150     F   3    1     1     0.000000 1.000000 +0.866407 +1.219407 +0.000000 -0.353000
207     108     127     M   3    0     0     0.000000 1.000000 +0.843108 +0.344768 +0.000000 +0.498339
208     108     127     M   3    0     0     0.000000 1.000000 +0.393165 -0.105174 +0.000000 +0.498339
209     109     140     F   3    1     1     0.000000 1.000000 -1.213864 -0.860864 +0.000000 -0.353000
210     109     140     M   3    0     0     0.000000 1.000000 -1.290123 -0.937123 +0.000000 -0.353000
211     109     143     F   3    2     0     0.000000 1.000000 -0.437765 -0.084765 +0.000000 -0.353000
212     109     143     M   3    1     5     0.000000 1.000000 +0.664274 +1.017273 +0.000000 -0.353000
213     109     141     F   3    1     1     0.031250 1.000000 -1.562299 -1.209299 +0.000000 -0.353000
214     109     141     M   3    2     4     0.031250 1.000000 +0.508467 +0.861467 +0.000000 -0.353000
215     122     137     F   3    0     2     0.000000 1.000000 +2.880465 +1.494338 +0.000000 +1.386127
216     122     137     M   3    0     0     0.000000 0.000000 +0.262684 +0.190014 +0.000000 +0.072670
217     122     114     F   3    2     0     0.000000 1.000000 +1.809471 -1.315783 +0.000000 +3.125255
218     122     114     M   3    3     3     0.000000 0.000000 +2.697382 +0.885585 +0.000000 +1.811797
219     122     149     M   3    2     4     0.031250 1.000000 +1.008264 -0.377863 +0.000000 +1.386127
220     122     149     M   3    0     0     0.031250 1.000000 +1.580260 +0.194133 +0.000000 +1.386127
221     175     201     M   4    0     0     0.000000 1.000000 -0.801577 -0.448577 +0.000000 -0.353000
222     175     201     M   4    0     0     0.000000 1.000000 -0.694666 -0.341666 +0.000000 -0.353000
223     175     213     F   4    0     2     0.000000 1.000000 -1.160692 -0.807692 +0.000000 -0.353000
224     175     213     M   4    2     4     0.000000 1.000000 -1.902756 -1.549756 +0.000000 -0.353000
225     175     179     F   4    2     0     0.023438 1.000000 -0.300331 +0.052669 +0.000000 -0.353000
226     175     179     F   4    2     0     0.023438 1.000000 -1.829047 -1.476047 +0.000000 -0.353000
227     214     215     F   4    0     2     0.039062 1.000000 +0.676203 -0.709924 +0.000000 +1.386127
228     214     215     F   4    2     0     0.039062 1.000000 +1.226003 -0.160125 +0.000000 +1.386127
229     214     197     F   4    0     2     0.031250 0.000000 -1.675261 -1.747930 +0.000000 +0.072670
230     214     197     M   4    0     0     0.031250 1.000000 -1.398939 -1.045939 +0.000000 -0.353000
231     214     164     F   4    0     2     0.031250 1.000000 +0.607152 +0.960151 +0.000000 -0.353000
232     214     164     M   4    0     0     0.031250 1.000000 -1.783588 -1.430588 +0.000000 -0.353000
233     190     209     F   4    2     0     0.023438 1.000000 +2.154147 +0.768020 +0.000000 +1.386127
234     190     209     M   4    0     0     0.023438 1.000000 +2.569116 +1.182989 +0.000000 +1.386127
235     190     183     M   4    0     0     0.007812 0.000000 +2.690865 +0.879069 +0.000000 +1.811797
236     190     183     M   4    2     4     0.007812 0.000000 +0.757141 +0.684471 +0.000000 +0.072670
237     190     169     F   4    1     1     0.015625 0.000000 +1.420011 -0.391785 +0.000000 +1.811797
238     190     169     F   4    2     0     0.015625 1.000000 +0.783787 -0.602340 +0.000000 +1.386127
239     184     167     M   4    3     3     0.000000 1.000000 +1.032844 +0.534505 +0.000000 +0.498339
240     184     167     M   4    4     2     0.000000 1.000000 +1.020012 +0.521673 +0.000000 +0.498339
241     184     180     F   4    1     1     0.125000 1.000000 -0.816713 -0.463714 +0.000000 -0.353000
242     184     180     M   4    0     0     0.125000 1.000000 +0.673914 +1.026914 +0.000000 -0.353000
243     184     199     F   4    0     2     0.007812 1.000000 -0.285871 +0.067129 +0.000000 -0.353000
244     184     199     M   4    0     0     0.007812 0.000000 +1.787077 +1.714408 +0.000000 +0.072670
245     212     171     F   4    1     1     0.039062 0.000000 +0.134043 +0.061373 +0.000000 +0.072670
246     212     171     F   4    2     0     0.039062 0.000000 +0.790601 +0.717932 +0.000000 +0.072670
247     212     194     F   4    2     0     0.078125 0.000000 +0.772488 +0.699818 +0.000000 +0.072670
248     212     194     M   4    0     0     0.078125 1.000000 +0.105260 +0.458260 +0.000000 -0.353000
249     212     188     F   4    2     0     0.015625 1.000000 -0.381622 -0.028623 +0.000000 -0.353000
250     212     188     F   4    1     1     0.015625 1.000000 -0.450186 -0.097186 +0.000000 -0.353000
251     203     176     F   4    1     1     0.023438 1.000000 -1.870773 -1.517773 +0.000000 -0.353000
252     203     176     M   4    0     0     0.023438 1.000000 -0.314402 +0.038598 +0.000000 -0.353000
253     203     187     M   4    0     0     0.023438 1.000000 -0.280514 +0.072486 +0.000000 -0.353000
254     203     187     F   4    0     2     0.023438 1.000000 -0.137316 +0.215684 +0.000000 -0.353000
255     203     211     M   4    0     0     0.031250 1.000000 +1.447185 +1.800184 +0.000000 -0.353000
256     203     211     M   4    0     0     0.031250 1.000000 +0.801088 +1.154088 +0.000000 -0.353000
257     166     217     M   4    6     0     0.015625 1.000000 +1.102146 -0.283982 +0.000000 +1.386127
258     166     217     M   4    0     0     0.015625 1.000000 +1.521983 +0.135856 +0.000000 +1.386127
259     166     186     F   4    1     1     0.070312 1.000000 -0.774306 -0.421306 +0.000000 -0.353000
260     166     186     M   4    0     0     0.070312 1.000000 -1.441741 -1.088741 +0.000000 -0.353000
261     166     193     F   4    0     2     0.031250 0.000000 -1.821624 -1.894294 +0.000000 +0.072670
262     166     193     M   4    3     3     0.031250 0.000000 +0.333351 +0.260681 +0.000000 +0.072670
263     218     185     F   4    0     2     0.070312 0.000000 -0.267280 -0.339950 +0.000000 +0.072670
264     218     185     M   4    0     0     0.070312 0.000000 +0.424071 +0.351402 +0.000000 +0.072670
265     218     178     M   4    3     3     0.015625 1.000000 +0.494092 -0.004247 +0.000000 +0.498339
266     218     178     F   4    1     1     0.015625 0.000000 +0.542869 -1.268928 +0.000000 +1.811797
267     218     170     F   4    0     2     0.015625 0.000000 -0.085368 -0.158038 +0.000000 +0.072670
268     218     170     M   4    0     0     0.015625 1.000000 +0.263202 -1.122925 +0.000000 +1.386127
269     219     161     M   4    0     6     0.031250 1.000000 +2.272427 +0.886300 +0.000000 +1.386127
270     219     161     F   4    2     0     0.031250 0.000000 +2.956368 +1.144571 +0.000000 +1.811797
271     219     162     F   4    2     0     0.031250 1.000000 -0.885285 -0.532285 +0.000000 -0.353000
272     219     162     F   4    1     1     0.031250 0.000000 +1.852330 +0.040533 +0.000000 +1.811797
273     219     206     M   4    5     1     0.078125 1.000000 +2.258432 +0.872305 +0.000000 +1.386127
274     219     206     F   4    1     1     0.078125 1.000000 +0.281059 +0.634059 +0.000000 -0.353000
275     202     168     F   4    0     2     0.007812 0.000000 +0.001993 -0.070676 +0.000000 +0.072670
276     202     168     M   4    0     0     0.007812 0.000000 -0.973530 -1.046200 +0.000000 +0.072670
277     202     198     F   4    1     1     0.132812 1.000000 -0.122857 +0.230143 +0.000000 -0.353000
278     202     198     M   4    0     0     0.132812 0.000000 +0.447975 +0.375306 +0.000000 +0.072670
279     202     182     M   4    2     4     0.023438 0.000000 +0.566029 +0.493359 +0.000000 +0.072670
280     202     182     M   4    0     0     0.023438 0.000000 +0.950027 +0.877357 +0.000000 +0.072670
281     236     254     F   5    0     0     0.062500 1.000000 -0.894954 -0.541955 +0.000000 -0.353000
282     236     254     F   5    0     0     0.062500 1.000000 -2.389204 -2.036205 +0.000000 -0.353000
283     236     228     M   5    0     0     0.011719 1.000000 +1.834057 +0.447930 +0.000000 +1.386127
284     236     228     M   5    0     0     0.011719 0.000000 +0.471622 +0.398953 +0.000000 +0.072670
285     236     267     F   5    0     0     0.037109 0.000000 +0.423275 +0.350605 +0.000000 +0.072670
286     236     267     F   5    0     0     0.037109 1.000000 -0.279361 -0.777700 +0.000000 +0.498339
287     265     246     M   5    0     0     0.015625 0.000000 -0.204711 -0.277381 +0.000000 +0.072670
288     265     246     M   5    0     0     0.015625 1.000000 +0.481422 -0.016917 +0.000000 +0.498339
289     265     274     F   5    0     0     0.052734 0.000000 +0.273680 +0.201010 +0.000000 +0.072670
290     265     274     M   5    0     0     0.052734 0.000000 +0.596475 +0.523805 +0.000000 +0.072670
291     265     227     F   5    0     0     0.046875 0.000000 -0.603370 -0.676040 +0.000000 +0.072670
292     265     227     F   5    0     0     0.046875 0.000000 +0.251813 +0.179143 +0.000000 +0.072670
293     269     229     F   5    0     0     0.015625 0.000000 +2.107173 +0.295376 +0.000000 +1.811797
294     269     229     F   5    0     0     0.015625 1.000000 -0.127478 +0.225522 +0.000000 -0.353000
295     269     261     F   5    0     0     0.056641 1.000000 -0.014449 +0.338551 +0.000000 -0.353000
296     269     261     F   5    0     0     0.056641 0.000000 +0.147162 +0.074493 +0.000000 +0.072670
297     269     231     F   5    0     0     0.050781 1.000000 -1.486037 -1.133037 +0.000000 -0.353000
298     269     231     F   5    0     0     0.050781 1.000000 +1.643621 +0.257494 +0.000000 +1.386127
299     239     277     M   5    0     0     0.017578 0.000000 +0.112038 +0.039369 +0.000000 +0.072670
300     239     277     F   5    0     0     0.017578 0.000000 +0.341184 +0.268515 +0.000000 +0.072670
301     239     272     M   5    0     0     0.039062 1.000000 +1.875195 +1.376856 +0.000000 +0.498339
302     239     272     F   5    0     0     0.039062 0.000000 +1.045808 -0.765989 +0.000000 +1.811797
303     239     237     F   5    0     0     0.068359 0.000000 +3.407192 +1.595396 +0.000000 +1.811797
304     239     237     M   5    0     0     0.068359 0.000000 +2.348232 +0.536435 +0.000000 +1.811797
305     279     259     M   5    0     0     0.023438 0.000000 -0.722760 -0.559671 +0.000000 -0.163089
306     279     259     F   5    0     0     0.023438 0.000000 +0.153582 +0.080912 +0.000000 +0.072670
307     279     275     F   5    0     0     0.134766 1.000000 +1.795056 +1.296717 +0.000000 +0.498339
308     279     275     F   5    0     0     0.134766 1.000000 +0.461231 -0.037109 +0.000000 +0.498339
309     279     266     M   5    0     0     0.023438 0.000000 -0.068872 -0.141542 +0.000000 +0.072670
310     279     266     F   5    0     0     0.023438 0.000000 +1.196340 -0.615457 +0.000000 +1.811797
311     257     226     M   5    0     0     0.013672 1.000000 -1.998210 -1.645211 +0.000000 -0.353000
312     257     226     M   5    0     0     0.013672 1.000000 -0.082041 +0.270959 +0.000000 -0.353000
313     257     270     M   5    0     0     0.087891 1.000000 +0.821413 -0.564714 +0.000000 +1.386127
314     257     270     M   5    0     0     0.087891 1.000000 +2.605814 -0.519441 +0.000000 +3.125255
315     257     247     M   5    0     0     0.033203 1.000000 +0.153233 +0.506232 +0.000000 -0.353000
316     257     247     M   5    0     0     0.033203 1.000000 +0.901106 +1.254106 +0.000000 -0.353000
317     240     241     F   5    0     0     0.162109 0.000000 +0.978567 +0.905898 +0.000000 +0.072670
318     240     241     M   5    0     0     0.162109 0.000000 -0.351303 -0.423973 +0.000000 +0.072670
319     240     225     M   5    0     0     0.042969 0.000000 +0.943495 +0.870826 +0.000000 +0.072670
320     240     225     M   5    0     0     0.042969 0.000000 +0.588403 +0.515733 +0.000000 +0.072670
321     240     250     F   5    0     0     0.017578 0.000000 +0.316173 +0.243503 +0.000000 +0.072670
322     240     250     M   5    0     0     0.017578 0.000000 -1.072014 -1.144684 +0.000000 +0.072670
323     273     249     M   5    0     0     0.037109 1.000000 +1.381180 -0.004948 +0.000000 +1.386127
324     273     249     M   5    0     0     0.037109 1.000000 +1.681565 +0.295437 +0.000000 +1.386127
325     273     245     F   5    0     0     0.015625 0.000000 +0.052845 -0.019824 +0.000000 +0.072670
326     273     245     M   5    0     0     0.015625 1.000000 +1.819323 +0.433195 +0.000000 +1.386127
327     273     238     M   5    0     0     0.035156 1.000000 +3.437882 +0.312627 +0.000000 +3.125255
328     273     238     M   5    0     0     0.035156 1.000000 +2.079138 +0.693011 +0.000000 +1.386127
329     262     233     M   5    0     0     0.056641 0.000000 +1.248474 -0.563323 +0.000000 +1.811797
330     262     233     M   5    0     0     0.056641 0.000000 -0.359540 -0.432209 +0.000000 +0.072670
331     262     263     F   5    0     0     0.048828 1.000000 +0.470447 -0.027892 +0.000000 +0.498339
332     262     263     F   5    0     0     0.048828 1.000000 -0.280442 +0.072558 +0.000000 -0.353000
333     262     251     F   5    0     0     0.013672 1.000000 -0.567972 -0.214972 +0.000000 -0.353000
334     262     251     M   5    0     0     0.013672 0.000000 +0.335018 +0.262348 +0.000000 +0.072670
335     224     223     F   5    0     0     0.269531 1.000000 -1.458138 -1.105139 +0.000000 -0.353000
336     224     223     F   5    0     0     0.269531 1.000000 -0.152845 +0.200155 +0.000000 -0.353000
337     224     271     M   5    0     0     0.011719 1.000000 +0.265590 +0.618590 +0.000000 -0.353000
338     224     271     M   5    0     0     0.011719 1.000000 -0.193029 +0.159970 +0.000000 -0.353000
339     224     243     F   5    0     0     0.019531 1.000000 +1.786096 +2.139096 +0.000000 -0.353000
340     224     243     F   5    0     0     0.019531 1.000000 +0.763371 +1.116371 +0.000000 -0.353000
