ID      Genotypes (0 = a1,a1; 2 = a2,a2; 3 = a1,a2; 4 = a2,a1; 5 = missing; The first allele is paternal and the second allele is maternal) ...
1      2
2      2
3      4
4      2
5      4
6      4
7      2
8      4
9      2
10     2
11     2
12     4
13     0
14     2
15     4
16     2
17     4
18     4
19     4
20     3
21     4
22     2
23     2
24     2
25     3
26     3
27     2
28     2
29     4
30     3
31     3
32     3
33     0
34     4
35     3
36     2
37     3
38     2
39     2
40     4
41     3
42     3
43     4
44     4
45     2
46     2
47     2
48     4
49     4
50     4
51     4
52     4
53     4
54     4
55     2
56     2
57     2
58     2
59     2
60     2
61     2
62     2
63     4
64     4
65     3
66     0
67     0
68     2
69     0
70     0
71     2
72     2
73     2
74     2
75     2
76     2
77     2
78     3
79     0
80     0
81     4
82     2
83     2
84     2
85     2
86     2
87     2
88     2
89     2
90     2
91     2
92     2
93     4
94     2
95     3
96     3
97     0
98     3
99     3
100    2
101    2
102    2
103    2
104    2
105    4
106    4
107    2
108    3
109    2
110    3
111    3
112    2
113    2
114    2
115    3
116    3
117    2
118    3
119    2
120    2
121    4
122    4
123    2
124    2
125    2
126    2
127    0
128    0
129    3
130    2
131    3
132    2
133    3
134    0
135    0
136    4
137    2
138    2
139    3
140    2
141    2
142    2
143    2
144    2
145    3
146    2
147    0
148    4
149    2
150    2
151    2
152    2
153    4
154    2
155    2
156    2
157    4
158    2
159    4
160    4
161    4
162    4
163    2
164    2
165    2
166    2
167    3
168    4
169    3
170    2
171    0
172    3
173    2
174    3
175    2
176    2
177    2
178    0
179    2
180    3
181    2
182    0
183    3
184    3
185    2
186    2
187    4
188    2
189    2
190    2
191    2
192    2
193    0
194    4
195    2
196    3
197    4
198    4
199    2
200    4
201    2
202    2
203    2
204    2
205    3
206    2
207    0
208    0
209    2
210    2
211    2
212    2
213    2
214    2
215    2
216    3
217    2
218    3
219    2
220    2
221    2
222    2
223    2
224    2
225    2
226    2
227    2
228    2
229    4
230    2
231    2
232    2
233    2
234    2
235    4
236    4
237    4
238    2
239    0
240    0
241    2
242    2
243    2
244    3
245    4
246    4
247    4
248    2
249    2
250    2
251    2
252    2
253    2
254    2
255    2
256    2
257    2
258    2
259    2
260    2
261    4
262    4
263    3
264    3
265    0
266    4
267    3
268    2
269    2
270    4
271    2
272    4
273    2
274    2
275    4
276    4
277    2
278    4
279    4
280    4
281    2
282    2
283    2
284    3
285    4
286    0
287    3
288    0
289    3
290    3
291    3
292    3
293    4
294    2
295    2
296    4
297    2
298    2
299    3
300    3
301    0
302    3
303    3
304    3
305    3
306    3
307    0
308    0
309    4
310    3
311    2
312    2
313    2
314    2
315    2
316    2
317    3
318    3
319    3
320    3
321    3
322    3
323    2
324    2
325    4
326    2
327    2
328    2
329    3
330    3
331    0
332    2
333    2
334    3
335    2
336    2
337    2
338    2
339    2
340    2
