State vector for MT19937:
  1463700075   2186024403   3832050807    582223303    613336711    910398024   4058594926   4100519432
  4150392159   2339899733    951860829    271540156   2869977400   1645503983   3457848564   3505779842
   745111541   3603732666   1971470863   3357511065   2926594006   1334364857   3229381294   2838680408
  3013512346   2935148561   2880127641   2540911170     39992156   4060718953   4098672368   1835501822
  3844244411    421752761   4224980255   1035751471    662555055   1029191984    985219094   1459359445
   221072844   2719341989    701485581   4039234636   3644852823   3021408081   2537967341   1266944890
  2845465271   1533257370   1421258329    331866347    262569963   3935451884   1036265345   3624836892
  2126863987   1351042355    633605876    721844863   1586842455   2375139115   1609325675   2493198353
    41493183   1419504796   2272223027   1329121176   2774966433   1441373076    109059855   1318340658
  3632842599   1147612861   3420195958   3819865972    580591935    683136296    632389910   2897654781
  1784773355    933410979   3631682465     32141629    214127205   1827311406   1030989025   2416145948
  2389026862   3192841653   3390083213   1908868705    311354428   1479026697   3179025286   1627477875
  2037482074   2634555720   1863040148    463479852    649974208   2590212389    628151241   3176734644
   203155766   3746228407   2080514926   3721880118   3573226581   2006332507   4139569648   2793332814
  3358272108    264643900   2545798430   3697928319   1318524256   1572034746   1130042685    904953123
   718150215   3679542652    882629269   4287232580   1951448447   1874145587   2049846072    602377980
  1321485804     39218178   4159942476   1528721838    765624719   3613107440    152248165   1209757792
   547241933   3375292778   3959365623   1936535503    793451218    767162215   3348478769    362716489
  2193563485   3435804684   3761317245   4008065353   1048786118   3664496819   2545704454   3988601899
  2515674208    347000131   2510608137   3328883442    784186033   3231342962   4045728563   2478668431
  2251411265   2288427280   3157143228   1684938649   2340605852   1628010491    432480328   4258153743
  2024319588    578701186   4238657780   2404415774   3142829240   2506762255   1454097103   1487280629
  2199376372   4252794047   1510068958   1420462510   1119877567    244725419   3341948205   1616509405
  3476705412    516621564   1051186214   1573456313   2056015444   1872323910   3618174145    166880073
   650263949   1752022626   3873708241   1862544797    408058704   3686299477   4076739508   3507937018
  3760732677    353770279   1481741869    750898215   1741122351      4909043    257134253   2785861648
   528222698   3399754787   1190617458   2430926386   3920624068    663358296   3908080270    590497656
  1599957808    948929582    597542144   3735796187   4112313108   1339625456   3317842931    395329167
  2269918795   1914535086    170186989   2736483172   4262786594    484689130   1688464184   3894169444
  1501197195    904556635    840697809    670363488   3814511052   1888456344   2921473099   3269616316
  1365388619    452884771   3912140481   1824980349   2794282720   1304125983   1229046988   4141832920
  3451587679   1793924421   2433872078   2072325495    119084682    263962479   3196972745   1314314774
   228285203     59579008   2740581762   1298095235   4004450894   3623382630   3369769951   1319910099
  1764464610   3182454936    315207628    926582919   3436780879   3748281353   3679521536   1995633726
   877204715   1936983240   2429842783   1210848196   3059432141   3021994944   3903268512    269777510
  2925453654    726719293    384116011   3514347026    674940625   4014819986   4233954643   1035659695
  2576734763    217973838    380072424   2304580011     68522449   1346527642   1068070477   2252726920
  3381935002    143615366   1821492488    120819384   4122986436     17060272    842754974    928711813
  3354850985   2232831043   4066500567   2419180503   3158458685    398947856    441460102   3562898709
  3233302758   1106923666    887453241   4066059960   1489853443   1263558663   3796048284   4102566906
  3579560829   3376713719   4173488262   3925492412   2762837407   4102874422   2192755759   3507069960
  3252984991   4014294741   2971105720    981307821   1044057997    293247214    397915444   2413777619
  3055847109    200977620    170894582   3469589601    799655422    987892875    800216877   2688449304
  4265442458    706677430   1307877672   1608615816    104975209   2309976778   3122483782    242473523
   786391679   1330697340    403028915    832231938   1053890094   2963169163   3629843315   1758416023
  2849996438   2247501261   4043420437    740060953    878393161   3348226618    170771179   4190808870
  1284461577   2495377561   4275593625   4207930677   2121563586   4019714660    684190489    224338772
  2545739164   3820627663   2529721334    454720703   3681447895    724997153    984947587    432142126
   554706086   3078966527   2494940755   2333055096   3642127270   1866591902   3356441921   2593750673
  2639305863   2553540354   1617185930   1884657506    125679259   2643394484   1983728220   3078954304
  1224400538   2253899704   3902429172   4189644038   3617917325   2434516123    140079859   3530778230
  4069460673   1652494883   3015990020    106438905   2637776089   4084096772   2828484193   3972241838
  1176778721    357625089   2664041479    910716060   4109784880   1614787524    381246303   3164595490
  3230893896   1151894848   1452498255   2050264945   2207221980    502386499    656843293   3385490464
   575059583   4010342604   1029304925    867919204   2817361448   3232262727   3140244106    845109599
  1812667187   1749909107    744220340   3986971327   2173331944   3417310479   3262737274   2964990332
  2753089142   2574354821     51741445   1807572924    874376277   3852123214    116162855   1216206122
  3907395263    811646453   1770393715   3956244677    573687274   1106465055    456790180   1967937155
  1459074330    929228920   3283480874   2029393920   2146894649   1672822509   2644648178    455569543
  3648562715    136601937   2208677839   1587831484   3202161517    888355752   2424009510   1733210899
  1566525946   3205268712   1836559412   1288851404   2252944069   2122221928   2907990355   2615207900
  3672328830   3287566906    514378599   1900241038   3056247127   4101711222   3184813591    906003768
  3657926920   1889334856   4122557887    339933471   3113673263    583815862    500828612   1788592203
  3814750506   4060463142   1830526355   3124121237   1637667471    426709507    998946861   3213213888
  1094377610    103939032    879162938   4193923301   3794428610    148455722   1102852504   2365158500
  1417643078    638202124   3717777350   3264364484   3125127823   3952918702    414161743   1250856762
  2206340951      2274202   2164541396   1878777729    360361876   1583971193   3002658926   4157909171
  1912389512   1140253734   2710692989   2773491510   3820692896   3413055084    652100329   1742608652
    23255361   3473572294   4143620571    510030939   1697488139   3612299543    205173514   1514077977
  1795587744    364585134     68355280   2864986171   4145000873   1928008767   3662032036   1478885138
   436457391   3480131900   3411947277   3568898233   3826066838   3848246014   1699308807   2284786581
   690981835    673107024   2779606474   2376358435    955923009   1739376354   2446259405   1297243882
  1387804663   2287647823   4239163811    214812259   1561281107   1237388959   2018464924   2011130168
  3338864325   3661341799   3007144382   2359897463   2722467445   1475339840   3416630003   2971384575
  2414685473   3048180768   3442376124   3638285742    131064981   1919675934   2111605649   1067655719
  3417594555   4256974065   3603609556   4114454830   3833693725   3400661555   1315661646   2446461834
  2697090824    109491027   2489396513   2339605554   4025221460   2989824184   3729018312     52516478
  2564984862   1363532149   1410982190     67174646   3970107770   3937632298   1971749787   3954530353
