--------------- LD decay ---------------

No. marker pairs
--------------------
Bin\Gen.              0 
[0,.05)             409 
[.05,.1)            422 
[.1,.2)             834 
[.2,.3)             758 
[.3,.4)             836 
[.4,.5)             822 
[.5,.6)             796 
[.6,.7)             856 
[.7,.8)             828 
[.8,.9)             802 
[.9,1)              824 
[1,2)              7984 
[2,3)              7761 
[3,4)              7719 
[4,5)              7652 

Mean D'(SD)
--------------------
Bin\Gen.              0 
[0,.05)  0.3744(0.2545) 
[.05,.1) 0.3727(0.2602) 
[.1,.2)  0.3730(0.2669) 
[.2,.3)  0.3599(0.2565) 
[.3,.4)  0.3422(0.2408) 
[.4,.5)  0.3314(0.2380) 
[.5,.6)  0.3185(0.2397) 
[.6,.7)  0.3263(0.2267) 
[.7,.8)  0.2962(0.2173) 
[.8,.9)  0.2888(0.2195) 
[.9,1)   0.2783(0.2096) 
[1,2)    0.2403(0.1861) 
[2,3)    0.1942(0.1545) 
[3,4)    0.1664(0.1357) 
[4,5)    0.1509(0.1242) 

Mean R2(SD)
--------------------
Bin\Gen.              0 
[0,.05)  0.1035(0.1230) 
[.05,.1) 0.1038(0.1292) 
[.1,.2)  0.1004(0.1298) 
[.2,.3)  0.0906(0.1133) 
[.3,.4)  0.0821(0.1041) 
[.4,.5)  0.0772(0.0983) 
[.5,.6)  0.0734(0.0980) 
[.6,.7)  0.0684(0.0804) 
[.7,.8)  0.0588(0.0759) 
[.8,.9)  0.0557(0.0716) 
[.9,1)   0.0529(0.0704) 
[1,2)    0.0397(0.0533) 
[2,3)    0.0252(0.0347) 
[3,4)    0.0185(0.0256) 
[4,5)    0.0151(0.0212) 

Mean X2'(SD)
--------------------
Bin\Gen.              0 
[0,.05)  0.1035(0.1230) 
[.05,.1) 0.1038(0.1292) 
[.1,.2)  0.1004(0.1298) 
[.2,.3)  0.0906(0.1133) 
[.3,.4)  0.0821(0.1041) 
[.4,.5)  0.0772(0.0983) 
[.5,.6)  0.0734(0.0980) 
[.6,.7)  0.0684(0.0804) 
[.7,.8)  0.0588(0.0759) 
[.8,.9)  0.0557(0.0716) 
[.9,1)   0.0529(0.0704) 
[1,2)    0.0397(0.0533) 
[2,3)    0.0252(0.0347) 
[3,4)    0.0185(0.0256) 
[4,5)    0.0151(0.0212) 
