ID          Chr   Input_Pos    Male_Map  Female_Map
Q1           1    16.95860    16.95860    21.19825
Q2           1    47.33693    47.33693    59.17116
Q3           2    31.15732    31.15732    38.94665
Q4           2    56.59778    56.59778    70.74723
Q5           3    27.59590    27.59590    34.49488
Q6           3    47.04476    47.04476    58.80595
Q7           4    96.38202    96.38202   120.47752
Q8           4    98.21748    98.21748   122.77185
Q9           5    11.98711    11.98711    14.98389
Q10          5    77.79535    77.79535    97.24419
Q11          6     1.94790     1.94790     2.43487
Q12          6    24.33351    24.33351    30.41689
Q13          7    42.67809    42.67809    53.34761
Q14          7    80.75841    80.75841   100.94801
Q15          8    26.36697    26.36697    32.95871
Q16          8    65.95812    65.95812    82.44765
Q17          9    45.19594    45.19594    56.49493
Q18          9    55.77829    55.77829    69.72286
Q19         10     9.14855     9.14855    11.43569
Q20         10    30.26357    30.26357    37.82946
Q21         11    36.99935    36.99935    46.24919
Q22         11    81.10030    81.10030   101.37538
Q23         12    14.02361    14.02361    17.52951
Q24         12    25.92406    25.92406    32.40508
Q25         13    48.60453    48.60453    60.75566
Q26         13    89.14691    89.14691   111.43364
Q27         14    10.25300    10.25300    12.81625
Q28         14    95.36829    95.36829   119.21036
Q29         15     7.21398     7.21398     9.01747
Q30         15    51.85184    51.85184    64.81480
Q31         16     0.48881     0.48881     0.61101
Q32         16    58.34961    58.34961    72.93701
Q33         17    19.69589    19.69589    24.61986
Q34         17    22.76779    22.76779    28.45974
Q35         18    24.85509    24.85509    31.06886
Q36         18    85.56610    85.56610   106.95763
Q37         19    43.03566    43.03566    53.79458
Q38         19    59.11998    59.11998    73.89998
Q39         20    69.01786    69.01786    86.27232
Q40         20    85.52729    85.52729   106.90911
Q41         21    22.43140    22.43140    28.03925
Q42         21    41.09393    41.09393    51.36741
Q43         22    49.93604    49.93604    62.42005
Q44         22    83.65445    83.65445   104.56806
Q45         23    62.24376    62.24376    77.80470
Q46         23    74.77979    74.77979    93.47474
Q47         24    15.61780    15.61780    19.52225
Q48         24    42.74366    42.74366    53.42958
Q49         25    31.89864    31.89864    39.87330
Q50         25    50.00427    50.00427    62.50534
Q51         26    56.58145    56.58145    70.72681
Q52         26    76.29799    76.29799    95.37249
Q53         27    62.66360    62.66360    78.32950
Q54         27    71.88946    71.88946    89.86182
Q55         28    59.08035    59.08035    73.85044
Q56         28    67.34660    67.34660    84.18325
Q57         29    29.51451    29.51451    36.89314
Q58         29    81.43020    81.43020   101.78775
Q59         30     6.97159     6.97159     8.71449
Q60         30    16.88157    16.88157    21.10196
