Progeny Sire    Dam     Sex  G   NMPrg NFPrg F        Homo     Phen      Res       Polygene  QTL      
1       0       0       M   0    1     1     0.000000 0.582182 -1.849776 -2.148842 -0.000000 +0.299065
2       0       0       M   0    1     1     0.000000 0.583483 -1.907040 -2.205418 +0.000000 +0.298379
3       0       0       M   0    1     1     0.000000 0.586987 +1.012202 +0.209159 -0.000000 +0.803044
4       0       0       M   0    1     1     0.000000 0.591892 +0.299155 +0.056338 +0.000000 +0.242818
5       0       0       M   0    1     1     0.000000 0.584985 -0.365324 -1.178591 +0.000000 +0.813267
6       0       0       M   0    1     1     0.000000 0.592793 +0.784163 +0.504418 +0.000000 +0.279746
7       0       0       M   0    0     2     0.000000 0.594294 +1.334297 +1.788044 +0.000000 -0.453747
8       0       0       M   0    0     2     0.000000 0.587788 -0.217379 +0.001296 -0.000000 -0.218675
9       0       0       M   0    2     0     0.000000 0.584885 +0.358536 -0.420050 +0.000000 +0.778586
10      0       0       M   0    2     0     0.000000 0.592793 -0.524058 -0.483703 -0.000000 -0.040355
11      0       0       F   0    1     1     0.000000 0.591692 -0.138719 -0.245183 -0.000000 +0.106464
12      0       0       F   0    0     2     0.000000 0.584484 +0.264118 -0.216155 -0.000000 +0.480273
13      0       0       F   0    1     1     0.000000 0.593794 -1.185843 -0.852954 -0.000000 -0.332889
14      0       0       F   0    2     0     0.000000 0.606206 +0.186872 +0.259779 +0.000000 -0.072907
15      0       0       F   0    0     2     0.000000 0.604304 +0.055511 +0.365855 +0.000000 -0.310344
16      0       0       F   0    2     0     0.000000 0.599800 +1.109177 +0.890265 +0.000000 +0.218912
17      0       0       F   0    1     1     0.000000 0.591391 +1.721959 +2.029653 -0.000000 -0.307694
18      0       0       F   0    1     1     0.000000 0.585185 +1.225186 +0.940528 -0.000000 +0.284658
19      0       0       F   0    1     1     0.000000 0.585185 +0.797143 +1.157085 +0.000000 -0.359942
20      0       0       F   0    1     1     0.000000 0.630330 -0.001871 -0.188175 -0.000000 +0.186304
21      5       19      M   1    1     1     0.000000 0.593994 +1.829999 +1.872980 +0.000000 -0.042981
22      5       19      F   1    1     1     0.000000 0.587087 +0.344417 +0.014108 +0.000000 +0.330309
23      4       20      M   1    2     0     0.000000 0.594094 +0.793609 +0.408514 +0.000000 +0.385095
24      4       20      F   1    0     2     0.000000 0.597297 -0.035707 -0.377385 +0.000000 +0.341677
25      8       15      F   1    2     0     0.000000 0.589790 -2.479852 -2.041056 +0.000000 -0.438797
26      8       15      F   1    2     0     0.000000 0.589790 +0.041683 +0.072745 +0.000000 -0.031062
27      7       12      F   1    1     1     0.000000 0.584484 +0.911838 +0.668133 +0.000000 +0.243705
28      7       12      F   1    0     2     0.000000 0.594094 +0.275779 +0.248529 +0.000000 +0.027250
29      10      14      M   1    2     0     0.000000 0.597297 +0.074494 +0.063407 +0.000000 +0.011087
30      10      14      M   1    1     1     0.000000 0.580080 +0.036455 +0.287486 +0.000000 -0.251031
31      1       17      F   1    1     1     0.000000 0.593994 +0.894213 +0.995813 +0.000000 -0.101601
32      1       17      M   1    0     2     0.000000 0.590390 -1.100467 -1.421151 +0.000000 +0.320684
33      9       16      M   1    1     1     0.000000 0.601201 +0.272393 -0.241503 +0.000000 +0.513896
34      9       16      M   1    1     1     0.000000 0.587387 +0.214375 -0.051007 +0.000000 +0.265381
35      3       13      M   1    0     2     0.000000 0.590090 -1.717813 -1.515542 +0.000000 -0.202272
36      3       13      F   1    1     1     0.000000 0.589890 +0.678687 +0.644271 +0.000000 +0.034416
37      2       18      F   1    1     1     0.000000 0.590490 +0.427789 +0.349611 +0.000000 +0.078178
38      2       18      M   1    1     1     0.000000 0.578579 +1.788469 +1.043944 +0.000000 +0.744525
39      6       11      F   1    1     1     0.000000 0.610811 -1.345571 -1.988361 +0.000000 +0.642790
40      6       11      M   1    1     1     0.000000 0.591992 -0.087981 -0.355675 +0.000000 +0.267695
41      34      36      F   2    2     0     0.000000 0.589690 +0.332162 -0.073428 +0.000000 +0.405590
42      34      36      M   2    0     2     0.000000 0.590390 -0.658327 -0.977841 +0.000000 +0.319514
43      33      22      F   2    1     1     0.000000 0.591992 +0.118094 +0.066128 +0.000000 +0.051966
44      33      22      M   2    1     1     0.000000 0.593994 +2.125640 +1.262552 +0.000000 +0.863087
45      23      25      M   2    0     2     0.000000 0.588989 -1.182570 -0.843548 +0.000000 -0.339022
46      23      25      M   2    1     1     0.000000 0.585886 -1.656644 -2.012280 +0.000000 +0.355636
47      21      27      M   2    1     1     0.000000 0.576977 +0.871408 +0.384195 +0.000000 +0.487214
48      21      27      F   2    1     1     0.000000 0.587487 +1.143556 +0.828313 +0.000000 +0.315243
49      32      24      F   2    1     1     0.000000 0.593393 +0.570168 +0.251093 +0.000000 +0.319075
50      32      24      F   2    1     1     0.000000 0.600300 -0.787752 -0.973751 +0.000000 +0.185999
51      40      31      F   2    1     1     0.000000 0.605706 +0.470335 +0.564072 +0.000000 -0.093737
52      40      31      M   2    2     0     0.000000 0.582482 -0.406034 -0.313219 +0.000000 -0.092815
53      30      37      F   2    2     0     0.000000 0.587387 -0.806854 -0.676095 +0.000000 -0.130759
54      30      37      M   2    2     0     0.000000 0.590991 +0.490985 +0.324481 +0.000000 +0.166504
55      38      39      M   2    1     1     0.000000 0.598799 -0.034634 -0.879376 +0.000000 +0.844742
56      38      39      F   2    1     1     0.000000 0.594695 +1.604604 +0.900354 +0.000000 +0.704250
57      35      28      F   2    0     2     0.000000 0.585686 -0.936495 -1.585207 +0.000000 +0.648712
58      35      28      F   2    0     2     0.000000 0.597497 +0.580857 +0.464266 +0.000000 +0.116591
59      29      26      M   2    1     1     0.000000 0.599399 -1.852906 -1.425165 +0.000000 -0.427741
60      29      26      M   2    1     1     0.000000 0.606406 +0.730103 +0.803420 +0.000000 -0.073318
61      45      58      F   3    1     1     0.000000 0.602402 +1.156673 +1.712955 +0.000000 -0.556282
62      45      58      F   3    2     0     0.000000 0.601602 -0.099036 +0.427552 +0.000000 -0.526588
63      46      48      F   3    1     1     0.000000 0.585185 -0.389593 -0.445834 +0.000000 +0.056240
64      46      48      M   3    1     1     0.000000 0.594094 -0.454072 -1.200405 +0.000000 +0.746334
65      47      43      F   3    1     1     0.062500 0.598799 +0.367373 -0.077171 +0.000000 +0.444544
66      47      43      M   3    0     2     0.062500 0.614615 -0.264135 -0.308317 +0.000000 +0.044182
67      55      51      F   3    1     1     0.062500 0.630531 +2.073199 +1.152786 +0.000000 +0.920413
68      55      51      M   3    1     1     0.062500 0.615415 +0.938717 +0.060550 +0.000000 +0.878167
69      44      56      M   3    0     2     0.000000 0.596597 +0.890913 +0.222625 +0.000000 +0.668288
70      44      56      F   3    2     0     0.000000 0.597197 +0.270985 -0.820224 +0.000000 +1.091209
71      59      50      F   3    0     2     0.000000 0.600901 +0.954249 +0.998995 +0.000000 -0.044746
72      59      50      M   3    2     0     0.000000 0.594394 -2.511073 -2.066602 +0.000000 -0.444471
73      60      49      M   3    1     1     0.000000 0.596096 -0.613133 -0.705427 +0.000000 +0.092294
74      60      49      F   3    1     1     0.000000 0.590891 -0.796441 -1.308691 +0.000000 +0.512250
75      42      57      F   3    0     2     0.062500 0.624224 +0.804275 +0.076371 +0.000000 +0.727903
76      42      57      F   3    1     1     0.062500 0.617618 -2.728004 -2.786471 +0.000000 +0.058467
77      54      41      M   3    1     1     0.000000 0.590390 +0.176881 +0.132806 +0.000000 +0.044075
78      54      41      M   3    1     1     0.000000 0.585786 +0.228073 -0.150439 +0.000000 +0.378512
79      52      53      M   3    2     0     0.000000 0.586286 +0.020184 +0.067567 +0.000000 -0.047383
80      52      53      M   3    1     1     0.000000 0.599299 -1.576719 -1.130238 +0.000000 -0.446481
81      69      71      F   4    1     1     0.000000 0.594995 -0.004417 -0.194324 +0.000000 +0.189907
82      69      71      F   4    0     2     0.000000 0.592693 +0.193824 +0.343196 +0.000000 -0.149372
83      77      65      F   4    1     1     0.015625 0.592292 +0.111695 -0.241088 +0.000000 +0.352783
84      77      65      M   4    1     1     0.015625 0.590691 +0.226218 -0.300922 +0.000000 +0.527140
85      72      62      M   4    0     2     0.031250 0.620320 -0.293835 -0.129066 +0.000000 -0.164769
86      72      62      M   4    1     1     0.031250 0.617518 +0.228005 +0.627827 +0.000000 -0.399821
87      73      67      F   4    2     0     0.015625 0.591291 +0.993967 +0.990549 +0.000000 +0.003418
88      73      67      M   4    0     2     0.015625 0.595395 -0.196484 -0.396144 +0.000000 +0.199660
89      79      70      M   4    1     1     0.031250 0.597197 +0.045551 -0.645294 +0.000000 +0.690845
90      79      70      M   4    1     1     0.031250 0.597197 +0.660630 +0.269701 +0.000000 +0.390928
91      64      61      M   4    2     0     0.078125 0.614515 -0.362629 -0.352340 +0.000000 -0.010289
92      64      61      F   4    2     0     0.078125 0.610511 +1.920781 +1.340723 +0.000000 +0.580058
93      68      63      M   4    2     0     0.000000 0.579780 +0.452885 -0.788013 +0.000000 +1.240898
94      68      63      F   4    1     1     0.000000 0.590490 +1.928689 +1.479759 +0.000000 +0.448929
95      78      74      F   4    0     2     0.015625 0.600400 -0.564872 -0.884373 +0.000000 +0.319501
96      78      74      M   4    1     1     0.015625 0.598098 +1.604753 +0.840269 +0.000000 +0.764484
97      66      75      F   4    1     1     0.031250 0.613413 +0.283613 -0.079982 +0.000000 +0.363596
98      66      75      F   4    1     1     0.031250 0.606206 -0.355796 -0.525407 +0.000000 +0.169611
99      80      76      F   4    1     1     0.000000 0.589690 -0.415707 -0.425992 +0.000000 +0.010285
100     80      76      M   4    1     1     0.000000 0.592292 -0.327501 -0.219671 +0.000000 -0.107830
101     96      97      M   5    2     0     0.023438 0.595596 +1.916258 +1.084347 +0.000000 +0.831911
102     96      97      F   5    0     2     0.023438 0.597397 +1.528068 +0.680239 +0.000000 +0.847829
103     89      83      M   5    2     0     0.042969 0.608208 +1.358677 +0.941872 +0.000000 +0.416804
104     89      83      F   5    1     1     0.042969 0.598398 -0.888037 -1.558518 +0.000000 +0.670481
105     88      95      F   5    1     1     0.074219 0.604204 -0.560015 -0.846364 +0.000000 +0.286348
106     88      95      F   5    1     1     0.074219 0.595596 +1.141530 +0.857448 +0.000000 +0.284082
107     100     81      F   5    2     0     0.019531 0.592492 +0.057045 -0.366747 +0.000000 +0.423792
108     100     81      M   5    1     1     0.019531 0.595896 +0.850129 +0.690655 +0.000000 +0.159474
109     93      87      M   5    1     1     0.082031 0.642142 +0.743360 -0.172177 +0.000000 +0.915537
110     93      87      M   5    0     2     0.082031 0.608509 +0.191581 -0.380704 +0.000000 +0.572285
111     84      99      F   5    0     2     0.042969 0.612813 -0.374519 -0.389702 +0.000000 +0.015183
112     84      99      M   5    2     0     0.042969 0.618619 -1.223913 -1.142330 +0.000000 -0.081583
113     90      94      M   5    1     1     0.046875 0.624324 +0.319859 -1.067569 +0.000000 +1.387428
114     90      94      F   5    0     2     0.046875 0.631732 +0.368277 -0.328829 +0.000000 +0.697106
115     86      98      F   5    2     0     0.023438 0.631331 +0.006679 +0.099828 +0.000000 -0.093149
116     86      98      M   5    0     2     0.023438 0.594494 +0.170574 +0.317418 +0.000000 -0.146844
117     91      92      M   5    0     2     0.289062 0.701301 -0.027149 -0.683331 +0.000000 +0.656182
118     91      92      M   5    1     1     0.289062 0.671772 -0.253597 -0.735694 +0.000000 +0.482097
119     85      82      F   5    1     1     0.070312 0.649449 +0.388603 +0.407622 +0.000000 -0.019019
120     85      82      F   5    2     0     0.070312 0.648649 +0.745644 +0.722592 +0.000000 +0.023052
121     110     102     F   6    1     1     0.028320 0.606507 +0.523296 +0.094050 +0.000000 +0.429247
122     110     102     F   6    1     1     0.028320 0.598799 +1.329312 +0.484596 +0.000000 +0.844716
123     108     104     F   6    1     1     0.056641 0.627628 +0.425464 +0.067751 +0.000000 +0.357713
124     108     104     M   6    0     2     0.056641 0.612713 +1.966906 +1.595193 +0.000000 +0.371713
125     116     114     F   6    0     2     0.021484 0.603403 -0.547311 -0.471169 +0.000000 -0.076142
126     116     114     F   6    1     1     0.021484 0.593293 +0.099259 -0.276346 +0.000000 +0.375606
127     118     105     F   6    1     1     0.017578 0.587487 +0.010847 -0.361225 +0.000000 +0.372072
128     118     105     M   6    1     1     0.017578 0.595896 +0.478178 +0.366130 +0.000000 +0.112048
129     113     106     M   6    1     1     0.044922 0.608509 +0.551249 -0.534636 +0.000000 +1.085885
130     113     106     F   6    1     1     0.044922 0.615015 +1.438780 +0.313010 +0.000000 +1.125770
131     101     115     M   6    1     1     0.093750 0.643644 +0.044842 -0.194885 +0.000000 +0.239727
132     101     115     M   6    1     1     0.093750 0.617918 +0.265548 +0.093126 +0.000000 +0.172422
133     109     119     M   6    1     1     0.041016 0.603604 +1.019480 +0.479487 +0.000000 +0.539993
134     109     119     F   6    1     1     0.041016 0.615015 +0.141088 -0.712897 +0.000000 +0.853985
135     103     107     M   6    2     0     0.056641 0.605706 +0.999867 +0.446522 +0.000000 +0.553345
136     103     107     M   6    1     1     0.056641 0.630230 +1.169176 +0.867243 +0.000000 +0.301933
137     117     111     F   6    2     0     0.025391 0.591491 +0.310993 +0.102790 +0.000000 +0.208203
138     117     111     F   6    1     1     0.025391 0.589489 -0.155347 -0.425891 +0.000000 +0.270544
139     112     120     M   6    1     1     0.022461 0.589289 -0.741031 -0.423529 +0.000000 -0.317502
140     112     120     M   6    1     1     0.022461 0.594795 -0.541662 -0.278344 +0.000000 -0.263318
141     124     125     F   7    1     1     0.058594 0.622222 +1.058814 +0.681204 +0.000000 +0.377610
142     124     125     F   7    2     0     0.058594 0.627528 -0.394186 -0.452167 +0.000000 +0.057980
143     136     127     M   7    1     1     0.030029 0.604605 -0.615434 -1.178037 +0.000000 +0.562603
144     136     127     F   7    1     1     0.030029 0.593093 -0.582862 -0.150063 +0.000000 -0.432798
145     133     138     M   7    2     0     0.038086 0.614715 +1.144514 +1.086538 +0.000000 +0.057976
146     133     138     F   7    1     1     0.038086 0.597297 +0.323701 +0.043853 +0.000000 +0.279848
147     139     123     M   7    1     1     0.079590 0.612813 -0.832443 -0.408434 +0.000000 -0.424010
148     139     123     F   7    1     1     0.079590 0.616116 +0.367530 +0.072111 +0.000000 +0.295419
149     128     134     F   7    1     1     0.065918 0.614114 -0.844816 -0.985908 +0.000000 +0.141091
150     128     134     M   7    0     2     0.065918 0.603303 +0.406541 +0.262844 +0.000000 +0.143697
151     129     121     F   7    0     2     0.082764 0.628328 -0.676860 -1.245897 +0.000000 +0.569037
152     129     121     M   7    1     1     0.082764 0.621321 +1.099432 +0.319149 +0.000000 +0.780283
153     132     126     M   7    2     0     0.102051 0.645245 -0.212801 -0.269436 +0.000000 +0.056635
154     132     126     F   7    1     1     0.102051 0.628228 -0.205072 -0.531441 +0.000000 +0.326370
155     140     130     M   7    1     1     0.041260 0.597998 -0.539572 -0.677412 +0.000000 +0.137840
156     140     130     F   7    2     0     0.041260 0.604204 +0.652888 -0.614508 +0.000000 +1.267396
157     131     122     M   7    1     1     0.103516 0.626326 +1.895285 +0.775254 +0.000000 +1.120032
158     131     122     F   7    0     2     0.103516 0.638038 +0.580040 +0.026646 +0.000000 +0.553394
159     135     137     M   7    1     1     0.057861 0.616316 +1.604399 +1.611786 +0.000000 -0.007386
160     135     137     M   7    0     2     0.057861 0.621321 +0.150291 +0.211110 +0.000000 -0.060819
161     155     149     F   8    1     1     0.077759 0.640140 +0.212769 +0.709184 +0.000000 -0.496414
162     155     149     M   8    0     2     0.077759 0.626026 +1.513964 +1.239587 +0.000000 +0.274377
163     145     156     M   8    2     0     0.074951 0.617918 +2.135548 +1.211763 +0.000000 +0.923785
164     145     156     M   8    2     0     0.074951 0.601902 -1.291606 -2.069162 +0.000000 +0.777556
165     159     146     M   8    0     2     0.112122 0.641542 -0.874058 -0.546366 +0.000000 -0.327693
166     159     146     F   8    0     2     0.112122 0.636537 -1.679423 -1.532283 +0.000000 -0.147140
167     153     142     M   8    1     1     0.119385 0.641441 -2.142507 -1.766858 +0.000000 -0.375650
168     153     142     M   8    1     1     0.119385 0.654555 +2.630521 +2.398042 +0.000000 +0.232479
169     150     158     F   8    1     1     0.067627 0.619920 -1.869642 -2.517237 +0.000000 +0.647595
170     150     158     F   8    2     0     0.067627 0.637938 -0.256904 -0.533282 +0.000000 +0.276378
171     143     154     M   8    1     1     0.052185 0.614114 +0.407324 +0.097316 +0.000000 +0.310007
172     143     154     F   8    0     2     0.052185 0.642543 +2.958270 +2.723199 +0.000000 +0.235071
173     152     148     M   8    1     1     0.046265 0.601001 +1.424357 +0.722981 +0.000000 +0.701376
174     152     148     F   8    1     1     0.046265 0.602202 +1.408452 +0.564301 +0.000000 +0.844150
175     160     151     F   8    0     2     0.045166 0.621622 -0.461629 -0.654351 +0.000000 +0.192722
176     160     151     F   8    1     1     0.045166 0.592593 +0.991041 +0.698076 +0.000000 +0.292964
177     147     141     F   8    2     0     0.120483 0.645846 +0.719277 +0.701287 +0.000000 +0.017990
178     147     141     M   8    2     0     0.120483 0.631331 -0.462353 -0.667531 +0.000000 +0.205178
179     157     144     M   8    0     2     0.054077 0.603303 -0.690240 -0.995966 +0.000000 +0.305726
180     157     144     F   8    2     0     0.054077 0.616316 +0.677920 +0.396140 +0.000000 +0.281780
181     168     176     M   9    1     1     0.069122 0.627427 -0.506783 -0.540389 +0.000000 +0.033606
182     168     176     F   9    1     1     0.069122 0.614615 -0.746856 -0.759415 +0.000000 +0.012559
183     179     166     F   9    1     1     0.077164 0.617417 -0.869879 -0.547138 +0.000000 -0.322741
184     179     166     F   9    1     1     0.077164 0.634935 -0.134411 -0.576034 +0.000000 +0.441624
185     163     180     M   9    1     1     0.065796 0.617017 +0.778260 -0.138640 +0.000000 +0.916900
186     163     180     M   9    1     1     0.065796 0.596897 -1.980321 -2.219231 +0.000000 +0.238910
187     167     161     F   9    1     1     0.059464 0.623223 -0.277049 +0.145015 +0.000000 -0.422064
188     167     161     M   9    2     0     0.059464 0.617818 -0.490134 -0.176118 +0.000000 -0.314016
189     162     172     F   9    0     2     0.074890 0.617918 +0.479146 +0.163518 +0.000000 +0.315628
190     162     172     F   9    0     2     0.074890 0.615916 +0.422743 +0.548131 +0.000000 -0.125388
191     171     174     M   9    0     2     0.069534 0.615215 +1.089841 +0.125562 +0.000000 +0.964280
192     171     174     F   9    1     1     0.069534 0.628929 +2.046485 +1.046257 +0.000000 +1.000228
193     164     177     M   9    1     1     0.078949 0.641742 +0.143759 -0.340340 +0.000000 +0.484099
194     164     177     M   9    2     0     0.078949 0.625225 -2.086382 -2.067059 +0.000000 -0.019323
195     165     175     F   9    1     1     0.127533 0.627728 +1.455446 +1.614755 +0.000000 -0.159309
196     165     175     F   9    2     0     0.127533 0.624925 -1.611546 -1.787511 +0.000000 +0.175965
197     173     169     F   9    2     0     0.078781 0.626827 +0.884392 +0.359513 +0.000000 +0.524879
198     173     169     M   9    0     2     0.078781 0.627628 +1.275191 +0.444637 +0.000000 +0.830555
199     178     170     M   9    1     1     0.053741 0.606807 +0.773659 +0.751464 +0.000000 +0.022195
200     178     170     M   9    1     1     0.053741 0.602503 +1.293434 +0.365406 +0.000000 +0.928027
201     188     197     M   10   0     0     0.092827 0.602102 -0.497658 -0.118973 +0.000000 -0.378685
202     188     197     M   10   0     0     0.092827 0.649249 -0.211787 -0.280938 +0.000000 +0.069151
203     191     189     F   10   0     0     0.132179 0.631431 +1.206964 +0.570927 +0.000000 +0.636037
204     191     189     F   10   0     0     0.132179 0.623323 +1.521773 +1.012719 +0.000000 +0.509055
205     185     182     M   10   0     0     0.081528 0.626426 -0.642272 -1.539340 +0.000000 +0.897068
206     185     182     F   10   0     0     0.081528 0.617618 -0.132163 -0.654777 +0.000000 +0.522614
207     193     192     M   10   0     0     0.093018 0.624224 +1.784211 +1.004657 +0.000000 +0.779554
208     193     192     F   10   0     0     0.093018 0.629229 +1.289388 +0.275403 +0.000000 +1.013984
209     200     187     M   10   0     0     0.104687 0.632332 -0.017893 +0.194806 +0.000000 -0.212699
210     200     187     F   10   0     0     0.104687 0.627628 -0.791689 -1.127405 +0.000000 +0.335716
211     186     195     M   10   0     0     0.097664 0.633433 -2.200165 -1.512348 +0.000000 -0.687817
212     186     195     F   10   0     0     0.097664 0.628729 +1.317489 +1.281970 +0.000000 +0.035519
213     199     184     M   10   0     0     0.089310 0.621822 +0.443596 -0.085378 +0.000000 +0.528974
214     199     184     F   10   0     0     0.089310 0.645045 -0.590946 -0.568240 +0.000000 -0.022706
215     181     183     F   10   0     0     0.091232 0.654755 -0.661743 -0.182447 +0.000000 -0.479296
216     181     183     M   10   0     0     0.091232 0.640841 -0.364680 -0.048287 +0.000000 -0.316394
217     198     190     F   10   0     0     0.093811 0.622923 -0.253856 -0.220480 +0.000000 -0.033377
218     198     190     F   10   0     0     0.093811 0.622623 +0.290847 -0.293325 +0.000000 +0.584172
219     194     196     M   10   0     0     0.093239 0.619219 -0.319333 -0.311184 +0.000000 -0.008150
220     194     196     M   10   0     0     0.093239 0.602703 -0.178124 -0.019023 +0.000000 -0.159101
