ID      Genotypes (paternal allele, maternal allele) ...
1       2 1 2 1 2 2 2 3 2 1 1 2 3 1 2 1 1 1 1 2 3 1 1 2 2 2 2 1 1 2 2 2 2 3 2 1 2 2 2 2 2 2 1 3 3 3 1 1 1 1 1 1 2 2 3 3 3 3 3 2 1 1 1 1 3 3 2 2 1 1 1 2 2 1 1 1 1 1 1 2 1 1 2 1 1 1 2 2 1 3 2 2 2 1 2 1 1 2 2 1 1 1 1 1 1 1 3 2 1 2 2 1 2 1 2 1 1 1 3 3
2       1 1 2 2 1 1 3 2 2 2 1 2 3 3 2 1 2 2 1 1 1 1 2 1 2 2 2 1 1 3 3 2 3 3 2 2 2 2 2 2 3 2 3 1 2 1 1 1 2 1 1 1 2 1 3 3 3 1 3 2 1 1 1 2 3 1 1 2 1 2 1 2 1 2 2 1 1 1 1 1 1 1 2 2 1 1 2 2 3 1 1 2 2 1 2 1 1 2 2 1 2 2 1 1 1 1 2 2 2 2 1 1 2 2 1 2 1 1 1 3
3       2 2 2 2 2 1 2 1 2 1 1 1 1 3 1 2 2 1 2 2 1 1 2 1 1 2 2 1 3 2 2 2 1 1 2 2 2 2 3 1 1 1 2 1 3 1 2 1 1 2 1 1 2 2 3 3 3 3 2 3 1 1 2 2 3 3 1 1 2 1 2 3 1 1 1 1 1 1 1 1 1 1 3 2 1 1 2 2 3 1 2 1 2 2 1 2 1 1 3 2 1 1 1 1 1 2 2 3 1 1 2 2 2 2 1 1 1 1 1 2
4       2 2 1 2 1 1 3 2 2 2 1 2 1 3 1 1 2 2 2 2 1 1 2 1 2 2 1 2 3 3 2 2 1 3 2 1 2 2 2 1 2 2 3 1 1 3 1 1 1 1 1 1 2 2 3 3 3 3 2 2 1 1 1 1 3 3 1 2 1 1 2 2 1 2 1 1 1 1 1 1 1 1 2 3 1 1 1 2 2 2 1 1 1 2 2 2 2 1 1 2 1 1 1 1 2 2 2 2 2 2 2 1 1 2 1 1 1 1 3 3
5       2 2 1 1 1 2 2 3 2 1 2 1 1 3 2 1 1 1 3 2 2 3 2 1 2 2 2 2 3 3 2 2 1 1 2 2 1 2 3 2 2 2 1 1 3 3 1 2 2 1 1 2 2 2 3 3 3 3 2 3 1 1 2 1 3 3 2 1 1 1 1 3 2 1 1 1 1 1 1 1 1 1 2 1 1 1 2 2 3 3 1 2 2 1 2 2 2 1 2 3 2 1 1 2 2 2 1 2 2 2 1 2 1 2 1 1 1 1 3 1
6       1 1 2 1 1 2 2 2 1 2 1 1 3 1 1 2 1 1 1 1 1 1 1 1 2 2 2 1 3 3 2 2 2 3 2 2 2 2 3 2 2 3 3 1 2 2 2 2 1 1 2 2 2 2 3 2 1 3 3 3 1 1 1 1 3 3 1 2 1 1 1 1 1 1 2 2 1 1 1 2 1 2 1 2 1 1 2 2 2 2 2 1 2 1 1 1 2 3 3 2 1 1 2 1 1 2 3 2 2 2 1 1 1 2 1 1 1 1 3 3
7       1 1 2 2 3 2 2 3 2 1 1 2 3 3 1 1 2 1 2 1 3 3 2 1 2 2 2 2 2 3 2 2 1 1 2 2 2 2 2 2 2 2 3 3 3 3 1 1 2 2 1 1 2 2 2 2 3 2 3 2 1 1 1 2 1 3 2 1 1 1 1 1 1 2 2 1 1 1 1 1 1 1 1 2 1 1 2 2 3 1 1 1 2 2 2 2 2 3 2 2 2 2 1 1 2 1 2 2 2 2 2 2 2 2 1 1 1 1 1 3
8       2 1 2 2 2 2 2 3 2 2 1 2 3 1 1 2 2 1 1 1 3 1 1 2 2 2 1 2 3 2 2 2 1 1 2 2 2 2 2 1 3 1 3 2 3 3 1 1 1 2 1 1 2 2 2 3 3 2 3 2 1 1 1 2 3 3 2 1 1 2 2 1 1 1 2 2 1 1 1 1 1 1 3 3 1 1 2 2 1 1 1 2 1 1 2 1 1 1 2 2 1 2 1 1 1 1 2 2 2 1 1 2 2 1 1 1 1 1 1 1
9       1 1 2 2 2 3 1 1 2 2 1 2 3 1 1 1 1 1 2 1 3 1 1 1 2 1 2 2 3 3 3 2 1 1 1 2 2 2 2 2 2 2 3 3 3 1 2 1 1 2 1 1 2 2 2 2 2 3 2 2 1 1 1 1 3 2 1 2 2 2 3 1 1 2 2 2 1 1 2 1 1 1 2 2 1 1 2 2 2 1 2 2 1 1 1 2 2 2 2 2 1 1 1 1 1 1 2 3 1 2 2 1 2 1 1 1 1 1 3 3
10      2 1 2 2 2 1 1 3 2 1 1 1 3 1 1 1 1 1 2 2 1 2 1 1 2 2 1 2 3 3 2 2 3 3 1 2 2 2 2 2 2 1 3 3 3 3 1 2 1 1 1 1 2 2 2 2 3 3 2 3 1 1 1 2 3 3 2 2 1 1 1 3 1 2 2 2 1 1 1 1 1 1 1 2 1 1 2 2 1 2 1 2 1 1 2 1 2 2 3 2 1 1 1 1 2 1 2 3 2 2 1 2 2 2 1 1 1 1 3 3
11      2 1 2 1 1 1 1 2 1 1 1 1 3 1 2 2 2 1 2 1 1 1 1 1 1 2 2 1 2 3 2 2 1 3 2 2 2 2 3 3 1 3 1 1 1 2 1 2 1 1 1 2 2 2 3 2 3 1 2 3 1 1 2 1 3 3 1 2 2 1 2 1 1 1 1 2 1 1 1 1 1 1 3 1 1 1 2 2 1 2 1 1 2 2 1 1 1 2 2 2 1 1 1 2 2 2 2 2 1 2 2 1 2 1 1 1 1 1 1 3
12      2 1 2 1 2 2 1 2 1 2 1 1 1 1 1 2 2 1 2 1 1 1 1 1 2 2 1 2 2 3 2 2 1 3 2 2 2 2 1 2 1 3 1 1 1 2 1 2 1 1 1 2 2 2 3 2 3 3 3 3 1 1 2 1 3 3 1 1 2 1 2 1 1 1 1 2 1 1 1 2 1 2 2 2 1 1 2 2 1 2 1 2 2 1 1 1 1 3 2 2 1 1 1 1 1 1 2 2 1 2 2 1 2 1 1 1 1 1 2 3
13      1 1 2 2 1 3 3 1 2 2 1 1 3 1 1 1 2 1 1 1 1 1 1 1 2 2 2 2 3 3 3 3 3 1 2 2 2 2 2 2 2 2 1 3 1 1 1 2 1 2 1 1 1 2 3 2 1 3 2 2 1 1 2 1 3 2 1 2 2 2 2 1 1 2 2 2 1 1 1 1 1 1 2 2 1 1 2 2 1 2 2 2 2 1 2 1 1 2 2 2 2 1 1 1 1 1 2 2 2 1 1 2 2 2 1 1 1 1 1 3
14      1 1 2 2 1 2 2 1 2 2 1 1 3 1 2 1 2 1 1 2 1 1 1 1 2 2 2 2 3 3 2 2 3 1 2 1 2 2 2 2 2 2 3 3 2 1 1 1 1 2 1 1 2 2 3 2 3 2 3 2 1 1 2 1 3 2 1 2 1 2 1 3 2 1 1 2 1 1 1 1 1 1 2 2 1 1 2 2 3 1 1 2 2 1 2 1 1 2 2 2 2 1 1 1 1 1 2 2 2 1 1 2 2 1 1 1 1 1 1 3
15      2 1 1 2 1 3 3 2 2 1 2 2 3 3 1 1 2 1 2 1 1 3 1 2 2 2 2 2 3 2 2 2 1 1 2 2 2 2 2 2 2 2 3 3 3 3 1 1 1 2 1 1 2 2 3 2 3 2 2 2 1 1 1 2 3 3 1 1 1 1 2 1 1 1 1 2 1 1 1 1 1 1 2 2 1 1 1 2 2 3 1 1 1 2 2 2 2 2 1 2 1 2 1 1 2 1 2 2 2 2 1 2 2 2 1 1 1 1 3 1
16      2 1 2 2 1 2 3 3 2 2 2 2 3 3 1 1 2 2 2 2 1 3 2 1 2 2 2 2 3 3 2 2 1 1 1 2 2 2 1 2 2 2 1 3 1 3 1 1 1 2 1 1 2 2 3 2 3 2 2 2 1 1 1 1 3 1 1 2 1 1 2 1 1 2 1 1 1 1 1 1 1 1 3 1 1 1 2 2 2 1 1 1 1 2 2 2 2 2 1 2 1 2 1 1 2 2 2 2 2 2 2 2 2 2 1 1 1 1 3 3
17      2 1 1 2 2 2 2 2 2 2 2 2 1 3 1 1 1 1 2 1 2 1 2 2 2 2 2 1 3 3 2 2 1 1 2 2 1 2 3 1 2 3 1 3 3 3 1 1 1 2 2 1 2 2 3 3 3 2 3 3 1 1 2 1 3 3 2 2 1 2 1 1 2 1 1 2 1 1 1 1 1 1 2 3 1 1 2 2 3 1 2 1 2 1 2 1 1 1 3 2 2 2 2 1 2 1 1 2 2 1 2 2 1 1 1 1 1 1 1 1
18      2 1 1 2 2 2 3 2 1 2 1 2 1 1 2 1 1 1 2 1 3 3 1 1 2 2 2 2 3 2 2 2 1 1 2 2 2 2 2 1 2 1 1 2 3 3 1 1 1 2 2 1 2 2 3 3 3 2 2 2 1 1 2 2 3 3 2 1 1 2 3 1 2 1 1 2 1 1 1 1 1 1 1 3 1 1 2 2 3 1 1 1 1 1 2 1 2 1 2 2 2 2 2 1 2 1 1 2 2 2 2 1 2 1 1 1 1 1 1 1
19      2 2 2 2 2 2 3 1 2 2 1 1 3 1 2 1 1 1 2 2 1 2 2 1 2 2 2 2 1 3 2 2 2 3 2 1 2 2 2 2 2 1 1 3 3 3 1 2 1 1 1 1 2 2 3 2 3 3 3 3 1 1 1 1 3 3 2 2 1 1 2 1 2 2 1 2 1 1 1 1 1 1 2 1 1 1 2 2 3 2 2 2 1 1 1 2 1 2 2 2 1 1 1 1 1 2 2 2 1 2 2 1 2 2 2 1 1 1 3 3
20      2 2 1 2 2 2 2 1 2 1 1 1 3 3 1 1 1 1 1 2 1 2 1 1 2 2 2 2 2 3 2 2 3 3 1 2 2 2 2 2 2 1 1 3 3 3 1 2 1 1 1 1 2 2 3 2 3 3 3 3 1 1 1 1 3 3 2 2 1 1 1 1 2 2 1 2 1 1 2 1 1 1 2 1 1 1 2 2 3 2 2 2 2 1 2 1 1 2 1 2 1 1 1 1 1 1 2 3 2 2 1 2 1 2 1 1 1 1 3 3
21      1 2 2 2 3 2 2 1 2 2 2 1 3 3 1 2 2 1 2 2 3 2 2 1 2 2 2 2 2 1 2 2 1 2 2 1 2 2 2 2 2 1 3 3 3 3 1 2 2 1 1 1 2 2 3 2 3 3 2 3 1 1 2 1 3 3 1 2 1 1 2 1 1 2 2 1 1 1 1 1 1 1 2 2 1 1 2 2 2 2 1 2 1 1 2 1 2 1 2 2 1 1 1 1 2 1 2 2 2 2 1 1 2 2 1 2 1 1 3 3
22      2 2 1 2 3 2 2 3 1 2 2 1 3 3 1 2 2 1 2 2 1 1 1 2 2 2 2 2 3 3 2 2 1 2 2 2 2 2 2 2 2 1 3 3 3 3 1 2 2 1 1 1 2 2 3 3 3 3 2 3 1 1 2 1 3 3 1 2 1 1 2 1 1 2 2 2 1 1 1 1 1 1 2 1 1 1 1 2 2 3 1 2 1 1 2 1 2 1 2 2 2 1 1 1 1 1 2 2 2 1 2 2 2 2 1 2 1 1 3 3
23      1 2 2 2 2 2 1 2 2 1 1 1 3 1 2 2 2 2 1 2 1 1 1 1 2 2 2 1 3 3 2 2 3 3 2 2 2 2 2 1 2 1 3 1 2 1 1 1 1 1 1 1 2 2 2 3 3 3 3 3 1 1 2 2 2 3 2 1 2 2 3 2 1 1 2 2 1 1 1 1 1 1 2 2 1 1 2 2 1 2 2 2 1 1 1 1 2 3 2 2 2 1 1 1 1 1 2 2 2 2 1 1 1 1 1 1 1 1 3 3
24      1 1 2 1 2 2 1 1 2 2 1 1 3 1 2 2 2 1 2 1 1 1 1 1 2 2 2 1 3 2 2 2 3 3 2 2 2 2 2 2 2 1 3 1 1 2 1 2 2 1 1 1 2 2 3 3 3 3 3 3 1 1 1 2 2 3 2 1 1 1 1 1 2 1 1 2 1 1 1 1 1 1 2 2 1 1 2 2 3 2 1 1 1 2 1 1 2 3 2 2 2 1 1 1 1 1 2 2 2 1 1 2 2 1 1 1 1 1 3 3
25      1 2 2 1 3 1 1 1 2 1 1 1 1 3 1 2 1 1 1 1 1 1 1 1 2 1 2 2 3 3 3 2 3 3 2 2 2 2 2 3 2 1 3 1 1 2 2 2 2 1 1 2 1 2 2 3 1 3 2 2 1 1 2 2 2 3 2 1 2 1 2 1 1 1 2 2 1 1 1 1 1 1 2 1 1 1 2 2 1 1 2 1 2 2 2 1 1 2 2 2 2 1 1 2 1 2 2 2 1 1 2 2 2 2 1 1 1 1 3 1
26      1 1 2 2 3 1 1 1 2 1 1 1 3 1 1 2 2 2 1 2 1 1 1 1 2 2 2 1 3 2 3 2 1 1 2 2 2 2 2 3 2 3 1 1 1 2 2 2 1 1 1 2 2 2 2 2 1 1 2 3 1 1 2 1 3 3 1 1 2 1 2 1 1 1 2 2 1 1 1 1 1 1 2 1 1 1 2 2 1 2 2 1 2 2 2 1 1 2 2 2 2 1 1 2 1 2 2 2 2 1 1 2 2 1 1 1 1 1 3 1
27      2 1 2 2 2 1 2 3 2 2 1 2 3 3 1 1 1 2 2 2 2 1 1 2 2 2 2 2 3 3 2 2 3 1 2 2 2 2 2 2 1 2 3 1 3 1 2 1 1 2 1 1 2 2 3 2 3 3 3 2 1 1 1 1 3 1 2 2 1 1 1 2 2 1 2 1 1 1 1 1 1 1 1 3 1 1 2 2 2 1 2 1 1 1 1 2 1 2 1 1 1 2 1 1 1 2 2 2 2 2 2 2 2 2 1 1 1 1 3 3
28      2 1 2 2 2 2 1 3 1 2 1 2 3 3 1 1 1 2 2 2 2 1 1 2 2 2 2 2 3 3 2 2 3 1 1 2 2 2 2 1 2 2 1 3 3 3 1 1 1 2 1 1 2 2 2 2 3 2 3 2 1 1 1 1 3 3 2 1 1 1 1 1 2 2 1 1 1 1 2 1 1 1 1 3 1 1 2 2 3 2 2 1 2 2 2 2 2 2 2 2 1 2 1 1 1 2 2 2 2 2 2 2 2 2 1 1 1 1 3 3
29      2 2 2 1 2 2 2 2 1 2 1 2 1 1 1 1 1 1 2 1 3 1 1 2 2 2 2 1 3 3 2 2 1 1 2 2 2 1 2 3 1 2 2 1 3 3 1 1 1 1 2 2 2 2 3 3 3 2 2 3 1 1 2 1 3 3 2 2 2 2 1 1 1 2 2 1 1 1 1 1 1 1 1 3 1 1 2 2 3 3 1 2 1 1 1 1 1 1 2 2 2 2 2 2 1 2 2 1 2 2 2 2 2 1 1 1 1 1 1 1
30      2 1 2 2 2 2 3 2 2 2 2 2 1 3 1 1 1 1 1 2 3 1 1 2 2 2 2 2 2 3 2 2 1 1 2 2 2 1 2 1 1 2 2 1 3 3 1 1 2 2 1 1 2 2 3 3 2 3 2 3 1 1 2 1 3 3 2 2 2 1 1 1 2 1 1 2 1 1 1 1 1 1 1 3 1 1 2 2 3 3 1 2 1 2 2 1 2 1 2 2 2 2 1 2 1 1 2 2 2 1 1 2 1 1 1 1 1 1 1 1
31      2 2 2 1 1 2 1 2 1 1 1 1 1 1 2 1 1 1 1 2 1 1 1 2 1 2 2 1 3 3 2 2 3 1 2 2 2 2 3 2 1 1 1 2 2 3 2 1 1 1 1 2 2 2 3 3 3 3 2 2 1 1 2 1 2 3 2 2 2 2 2 1 1 2 2 2 1 1 1 1 1 1 2 3 1 1 2 2 1 3 1 2 2 1 1 1 1 1 2 2 2 2 1 2 2 1 2 1 1 2 2 2 2 2 1 1 1 1 3 1
32      1 2 2 1 1 2 1 2 2 2 1 2 3 1 2 1 1 1 1 1 1 1 1 2 1 2 2 2 3 3 2 2 3 1 2 2 2 1 2 3 1 2 1 1 2 3 2 1 1 1 2 2 2 2 3 3 3 3 2 3 1 1 2 1 2 3 2 2 2 2 2 1 1 2 2 1 1 1 1 1 1 1 1 3 1 1 2 2 1 3 1 2 2 1 1 1 2 1 2 2 1 2 2 2 2 2 2 2 1 2 2 2 2 1 1 1 1 1 1 1
33      1 2 2 2 2 1 1 3 1 2 1 1 1 3 2 1 2 1 2 2 1 1 1 2 2 2 1 2 3 3 2 2 3 3 2 2 2 2 2 2 2 2 3 1 2 3 1 2 1 2 1 1 2 2 3 2 3 3 3 3 1 1 2 1 2 3 2 2 2 1 2 1 1 1 2 1 1 1 1 1 1 1 2 1 1 1 2 2 2 2 2 2 1 1 1 2 3 1 2 1 2 1 1 1 1 1 2 2 2 2 1 2 1 2 1 1 1 1 3 3
34      2 2 2 2 2 1 1 2 1 2 1 2 1 3 2 1 2 1 1 2 1 1 1 2 2 2 1 2 3 3 2 2 3 3 2 2 2 2 2 2 2 1 3 3 2 1 1 1 1 1 1 1 2 2 3 3 3 3 3 3 1 1 2 1 3 3 1 2 2 1 2 2 1 2 2 2 1 1 1 1 1 1 2 1 1 1 2 2 1 1 2 1 1 1 1 1 2 1 2 1 1 2 1 1 1 1 2 2 2 2 1 2 1 2 1 1 1 1 3 3
35      1 1 2 2 1 2 1 1 2 2 1 1 1 3 2 2 2 1 1 2 1 2 1 2 2 2 1 2 3 1 3 2 1 1 2 2 2 2 3 2 2 2 1 3 2 3 2 1 1 1 2 1 2 2 2 2 1 3 3 2 1 1 1 1 3 3 1 1 1 1 1 1 1 1 2 2 1 1 1 1 1 1 2 2 1 1 2 2 1 2 2 1 2 1 1 2 1 2 2 2 1 1 2 1 1 1 2 2 1 2 2 1 2 2 1 1 1 1 1 3
36      1 2 2 2 1 3 1 2 1 2 1 1 3 3 1 1 2 2 1 2 1 2 1 1 2 2 1 2 3 1 3 2 1 1 2 1 2 2 2 2 2 1 1 3 2 3 2 1 1 2 2 1 2 2 2 2 1 3 3 2 1 1 2 1 3 3 1 2 2 1 2 1 1 2 2 1 1 1 1 1 1 1 1 2 1 1 2 2 1 2 2 2 2 1 2 1 2 1 2 2 2 1 1 1 2 1 2 2 1 2 2 1 2 2 1 2 1 1 3 3
37      2 1 2 2 2 2 3 1 2 2 2 1 3 1 1 2 2 1 2 1 2 1 1 1 2 2 2 2 3 2 2 2 1 3 2 2 2 2 1 2 2 1 1 1 3 2 1 2 2 1 1 1 2 2 2 3 2 3 2 3 1 1 1 2 3 3 1 1 1 1 1 1 2 2 1 1 1 1 2 1 1 1 3 2 1 1 2 2 2 2 1 1 2 2 2 1 2 3 2 2 2 2 1 1 1 1 2 2 2 2 2 1 2 2 1 1 1 1 3 3
38      2 1 2 2 2 2 3 1 1 2 1 1 3 3 1 2 2 2 2 2 2 1 2 1 2 2 2 2 3 2 2 2 1 3 2 2 2 2 2 2 2 2 1 3 3 2 1 2 1 2 1 1 2 2 2 3 2 3 2 3 1 1 1 2 3 3 2 1 1 1 1 1 2 1 1 1 1 1 1 1 1 1 1 2 1 1 2 2 2 3 1 1 2 1 2 1 2 3 2 2 2 2 1 1 1 1 2 2 2 1 2 2 2 2 1 1 1 1 3 3
39      2 1 2 2 3 2 2 2 2 2 2 2 3 3 1 1 1 1 2 2 1 1 1 2 2 2 2 2 3 3 2 2 1 1 2 2 2 2 2 2 1 1 3 2 3 3 1 1 2 2 1 1 2 2 3 3 3 3 2 3 1 1 2 1 3 3 1 2 1 1 1 1 1 2 2 1 1 1 1 1 1 1 2 1 1 1 2 2 2 3 1 2 1 2 1 1 1 2 2 2 1 2 1 2 1 1 2 2 1 1 2 2 2 1 2 1 1 1 3 1
40      2 2 1 2 3 2 2 2 2 2 1 2 3 1 1 1 2 1 2 2 1 3 1 1 2 2 2 2 3 2 2 2 1 1 2 2 2 2 2 2 2 2 3 1 3 3 1 1 2 2 1 1 2 2 3 3 3 3 3 3 1 1 2 1 3 3 1 2 1 1 2 1 2 2 2 1 1 1 1 1 1 1 2 3 1 1 2 2 3 3 2 1 1 2 1 1 2 2 2 2 2 2 1 1 1 1 2 2 2 2 2 1 2 1 1 1 1 1 3 1
41      1 2 2 2 2 3 1 2 2 2 1 2 3 3 1 1 2 1 2 2 2 1 2 1 2 2 2 2 2 3 2 2 3 1 2 2 2 2 2 2 2 1 1 2 2 3 2 1 1 2 1 1 2 2 3 3 3 3 3 3 1 1 1 2 3 3 2 2 1 1 1 1 2 2 1 1 1 1 1 1 1 1 2 2 1 1 2 2 3 3 1 2 1 2 1 1 2 1 2 2 2 1 1 1 1 1 2 2 1 1 2 2 2 1 1 1 1 1 3 3
42      2 1 2 2 2 2 3 2 2 2 1 2 3 3 2 1 2 1 2 2 1 1 1 2 2 2 2 2 2 3 2 2 1 1 2 2 2 2 2 2 2 1 3 2 2 3 2 1 1 2 1 1 2 2 3 3 2 3 2 2 1 1 2 1 3 3 1 2 1 1 1 1 2 1 1 2 1 1 1 1 1 1 2 2 1 1 2 2 3 2 1 1 2 1 2 1 3 1 2 2 2 1 1 1 1 1 2 2 2 1 2 2 2 2 1 2 1 1 3 3
43      2 2 2 2 1 2 1 2 1 2 1 2 1 1 2 1 1 2 1 2 1 3 1 1 1 2 2 2 3 3 2 2 3 1 2 2 2 2 3 2 1 2 1 3 2 3 2 1 1 2 1 1 2 2 3 3 3 3 2 3 1 1 2 1 2 3 2 1 2 1 2 1 2 2 2 2 1 1 1 1 1 1 3 2 1 1 2 2 1 3 1 2 1 1 1 1 1 2 2 2 2 2 1 1 2 1 2 2 1 2 2 2 2 1 1 1 1 1 3 1
44      2 2 1 2 2 3 2 2 1 2 1 1 1 1 1 1 1 2 1 2 1 1 1 1 2 2 1 2 3 2 2 2 1 1 2 2 2 2 3 2 1 2 2 3 3 3 1 1 1 2 2 1 2 2 3 3 3 3 2 3 1 1 2 2 3 3 2 2 2 1 1 1 1 2 2 2 1 1 1 1 1 1 3 3 1 1 2 2 3 3 2 2 1 2 1 1 1 2 2 2 2 2 1 1 1 1 1 2 2 2 2 1 2 1 1 1 1 1 3 3
45      2 2 2 2 2 3 1 1 1 1 1 1 1 3 2 1 1 2 2 2 1 1 1 1 2 2 2 1 3 1 2 2 3 1 2 1 2 2 2 2 1 2 3 1 2 3 1 1 1 1 1 2 2 2 3 2 3 1 3 3 1 1 2 1 3 3 1 2 1 2 2 2 1 2 2 1 1 1 1 1 1 1 1 1 1 1 2 2 1 2 2 2 1 2 1 2 1 2 1 2 1 1 1 1 1 2 2 2 2 1 2 2 1 2 1 2 1 1 3 3
46      2 1 2 2 2 1 1 1 2 2 1 1 1 3 2 1 2 2 1 2 1 2 1 1 2 2 1 1 3 1 2 2 3 1 2 2 2 2 2 2 1 1 3 3 1 2 1 2 1 2 1 1 2 2 3 2 3 1 3 2 1 1 2 1 3 3 1 2 1 2 2 2 2 1 2 2 1 1 1 1 1 1 1 1 1 1 2 2 1 1 2 2 1 2 1 2 2 2 2 2 2 1 1 1 1 1 2 2 2 1 2 2 2 2 1 1 1 1 3 3
47      1 1 2 2 1 2 3 1 1 2 1 1 1 3 1 1 2 2 2 2 1 2 2 1 2 2 1 2 3 2 2 2 3 3 2 2 2 2 2 1 2 1 1 1 3 3 2 1 1 1 1 1 2 2 2 2 3 2 3 2 1 1 1 2 3 3 2 1 1 1 1 1 1 2 2 1 1 1 1 1 1 1 2 3 1 1 2 2 2 2 2 1 1 2 1 2 1 3 1 2 2 2 1 1 1 1 2 2 2 2 2 2 1 2 1 1 1 1 3 3
48      1 2 2 2 1 2 3 3 1 2 1 1 1 3 2 1 1 1 2 1 1 1 2 1 2 2 2 2 3 2 2 2 3 1 2 2 2 2 2 2 2 1 3 1 2 2 1 2 2 2 1 1 2 2 2 2 3 3 3 3 1 1 2 1 2 3 2 1 2 1 2 1 1 2 2 1 1 1 1 2 1 1 1 2 1 1 2 2 2 2 2 1 1 2 2 2 3 3 2 2 1 2 1 1 1 1 2 2 2 2 1 2 1 2 1 1 1 1 3 3
49      1 1 2 2 2 1 1 2 2 2 1 1 1 1 2 2 1 1 2 1 2 1 2 1 2 2 2 2 1 3 2 2 1 3 2 2 2 2 3 2 2 1 3 1 3 2 1 2 1 1 2 2 2 2 2 3 1 3 2 3 1 1 1 1 3 2 1 2 1 2 1 1 1 1 2 2 1 1 1 1 1 1 2 1 1 1 2 2 2 1 1 1 2 1 1 1 1 1 2 2 1 1 1 2 1 2 2 2 1 2 2 2 2 1 1 1 1 1 1 1
50      1 1 2 2 1 1 1 1 2 2 1 1 3 1 2 1 2 1 1 1 1 1 1 1 2 2 2 2 1 3 2 2 1 1 2 2 2 1 2 3 2 2 3 1 2 2 2 2 1 1 1 2 2 2 2 3 1 3 3 2 1 1 1 1 3 2 1 2 1 2 1 1 1 2 2 1 1 1 1 1 1 1 2 1 1 1 2 2 1 1 2 2 2 2 1 1 2 1 2 2 1 2 2 2 1 2 2 2 2 1 1 2 2 2 1 1 1 1 3 1
51      1 1 2 2 2 2 3 1 2 2 1 1 1 3 2 1 1 2 2 2 1 1 2 1 2 2 2 2 2 2 2 2 3 1 2 2 2 2 2 2 2 2 3 1 2 3 2 1 2 1 1 1 2 2 2 3 3 3 3 3 1 1 2 1 3 3 2 2 2 1 2 1 2 2 1 1 1 1 1 1 1 1 2 2 1 1 2 2 2 3 1 1 2 2 2 1 3 1 2 2 1 2 1 1 1 1 2 2 2 1 1 2 1 1 1 1 1 1 3 3
52      2 1 2 2 2 3 3 2 2 2 1 2 3 3 2 1 1 2 2 2 1 1 1 1 2 2 2 2 2 3 2 2 3 3 2 2 2 2 2 2 2 1 3 2 2 3 2 1 2 1 1 1 2 2 2 3 3 3 3 3 1 1 1 1 3 3 1 2 1 1 1 1 2 2 1 1 1 1 2 1 1 1 1 2 1 1 2 2 2 3 1 1 2 1 2 1 3 1 2 2 1 1 1 1 1 1 2 2 2 1 2 2 2 1 1 1 1 1 3 3
53      1 1 2 2 1 1 1 3 2 2 1 1 1 1 2 1 1 2 1 2 1 2 1 1 2 2 2 1 1 2 2 2 1 3 2 2 1 2 3 1 2 2 1 1 2 3 2 1 1 1 2 1 2 2 3 2 1 3 3 3 1 1 1 1 2 3 2 1 1 1 1 1 2 2 1 1 1 1 1 1 1 1 1 2 1 1 2 2 1 2 2 1 2 1 1 1 1 3 2 2 1 2 2 1 2 1 2 2 1 2 2 2 2 1 1 1 1 1 3 3
54      1 1 2 2 1 2 1 1 2 1 1 1 1 1 1 1 1 2 1 2 1 2 1 1 2 2 2 1 3 3 2 2 1 3 2 2 2 2 2 1 2 2 3 1 2 3 2 1 1 1 1 1 2 2 2 2 1 2 3 2 1 1 1 1 3 3 1 1 1 1 1 1 1 2 1 1 1 1 1 1 1 1 1 3 1 1 2 2 1 2 2 1 2 2 1 2 1 1 2 1 2 2 2 1 1 1 2 2 2 2 1 2 2 1 1 1 1 1 1 3
55      2 2 2 2 2 3 2 1 2 1 2 1 3 3 2 2 1 1 2 2 1 1 2 1 2 2 2 2 2 1 2 2 1 3 2 2 2 2 2 2 2 2 2 1 2 3 2 1 1 1 1 1 2 2 3 2 3 1 2 3 1 1 2 1 3 3 2 1 1 2 1 2 1 1 2 2 1 1 1 1 1 1 2 1 1 1 2 2 2 2 1 2 2 1 2 1 1 1 2 1 1 1 1 1 1 1 2 2 1 1 2 2 2 2 2 2 1 1 3 3
56      2 2 2 2 2 3 2 1 2 1 1 1 3 1 1 2 2 2 2 2 1 1 2 1 2 2 2 1 3 3 2 2 1 1 2 1 2 2 2 2 1 2 2 1 2 3 2 1 1 1 1 1 2 2 3 3 2 3 2 3 1 1 1 2 3 3 2 2 1 1 1 2 2 2 1 2 1 1 1 1 1 1 2 1 1 1 2 2 2 1 1 2 2 1 1 1 3 1 2 1 2 1 1 1 1 1 2 2 2 2 2 2 2 1 2 1 1 1 3 3
57      2 2 2 2 3 2 2 1 1 2 1 1 1 1 1 2 1 2 1 1 1 1 1 1 2 2 2 1 2 3 2 2 1 3 2 2 2 2 2 2 2 1 3 3 3 1 1 1 2 1 1 1 2 2 3 3 3 1 2 3 1 1 2 2 3 3 2 1 1 2 1 2 1 1 2 2 1 1 1 1 1 1 3 1 1 1 2 2 3 1 2 2 2 2 1 2 2 2 2 2 2 2 1 1 1 1 1 2 2 2 1 2 2 2 1 1 1 1 3 3
58      2 2 2 2 3 1 2 1 1 2 1 1 1 3 1 2 2 2 2 1 1 2 1 1 2 2 1 1 2 3 2 2 1 3 2 2 2 2 3 2 1 1 2 3 3 2 1 1 1 2 2 1 2 2 3 3 3 3 3 3 1 1 2 2 3 3 2 1 1 2 1 2 1 2 2 2 1 1 1 1 1 1 3 1 1 1 2 2 3 1 2 2 2 2 1 2 1 2 2 2 2 2 1 1 1 1 1 2 2 2 1 2 1 2 1 1 1 1 3 3
59      1 2 2 2 1 1 2 1 2 1 1 2 1 1 2 1 1 2 2 2 1 3 1 1 2 1 2 2 1 3 2 2 3 3 2 2 2 2 3 3 1 2 1 1 2 3 2 1 1 2 2 1 2 2 3 3 3 3 3 3 1 1 1 1 2 2 2 2 1 1 1 1 1 2 2 2 1 1 1 1 1 1 2 2 1 1 2 2 2 3 1 2 2 1 1 1 1 2 2 2 1 2 1 1 1 1 2 2 1 2 2 2 2 2 1 1 1 1 1 3
60      1 2 2 2 2 2 1 2 2 2 1 2 1 1 2 2 1 1 2 1 2 1 2 1 2 1 2 2 3 3 2 2 1 3 2 2 2 2 3 2 1 1 1 1 3 3 1 1 1 2 2 1 2 2 3 3 3 3 2 2 1 1 1 1 3 2 1 2 1 2 1 2 1 2 2 2 1 1 1 1 1 1 1 2 1 1 2 2 1 1 1 1 1 1 1 1 1 1 2 2 1 2 1 1 2 1 2 2 1 2 2 2 2 1 1 1 1 1 1 1
61      2 1 2 2 3 2 2 1 2 1 1 1 3 1 1 1 1 2 2 2 1 1 1 1 2 2 2 2 2 3 2 2 3 3 2 2 2 2 2 2 1 2 2 1 2 3 2 1 2 1 1 1 2 2 2 2 3 1 3 2 1 1 1 1 3 3 1 1 1 1 1 1 2 2 1 1 1 1 2 1 1 1 1 3 1 1 2 2 3 2 1 2 1 2 1 1 3 1 2 1 1 2 1 2 1 1 2 2 1 2 2 2 1 1 1 1 1 1 3 3
62      2 1 2 2 2 1 3 1 2 1 2 1 3 1 2 1 2 2 2 2 1 2 1 1 2 2 2 2 2 3 2 2 3 1 2 2 2 2 2 2 2 2 3 3 3 2 1 2 2 1 1 1 2 2 3 2 3 2 3 2 1 1 1 1 3 3 1 1 1 1 1 1 2 2 1 1 1 1 1 1 1 1 2 1 1 1 2 2 3 1 1 1 1 2 1 2 1 1 2 2 1 2 1 2 1 1 2 2 1 2 2 2 1 1 1 1 1 1 3 1
63      2 2 2 2 2 2 2 2 1 2 1 1 1 3 2 2 2 1 2 2 1 1 1 2 2 2 2 2 3 2 2 2 1 1 2 2 2 2 2 2 2 2 1 1 2 3 2 1 1 1 1 1 2 2 3 3 3 3 3 3 1 1 2 2 3 3 2 1 1 2 2 2 2 1 2 2 1 1 1 1 1 1 2 2 1 1 2 2 2 2 1 1 2 1 1 1 1 1 1 1 2 1 1 1 1 1 2 2 2 1 2 2 1 2 1 2 1 1 3 3
64      2 2 2 2 3 2 1 2 2 1 1 1 1 3 2 2 2 1 2 2 1 1 2 1 2 2 1 2 3 1 2 2 1 1 1 2 2 2 2 2 2 2 1 1 2 3 1 1 1 1 1 1 2 2 3 2 3 3 3 3 1 1 1 2 3 3 2 2 1 2 2 2 2 1 2 2 1 1 1 1 1 1 1 1 1 1 2 2 1 2 2 1 1 2 1 2 3 1 2 2 2 1 1 1 1 1 2 2 2 1 2 2 1 2 1 2 1 1 3 3
65      1 2 2 2 1 1 3 2 2 1 1 2 1 1 1 2 1 2 1 2 1 3 1 1 2 2 2 2 1 1 2 2 1 3 2 2 2 2 1 3 2 2 1 1 2 3 1 1 1 1 1 2 2 2 2 3 3 3 3 3 1 1 1 1 2 2 2 2 1 1 1 1 2 2 1 2 1 1 1 1 1 1 2 2 1 1 2 2 2 3 1 2 2 1 1 1 1 1 2 2 2 2 1 1 2 1 2 2 2 2 2 2 2 2 1 1 1 1 3 3
66      1 1 2 2 1 1 3 1 2 2 1 1 1 1 1 2 2 2 2 2 1 3 1 1 2 2 1 2 1 1 2 2 3 3 2 2 1 2 3 3 2 1 1 1 2 2 2 2 1 1 1 2 2 2 2 3 1 3 3 3 1 1 1 1 3 2 1 2 1 1 1 1 2 1 1 2 1 1 1 1 1 1 1 2 1 1 2 2 2 3 2 2 2 2 1 1 1 2 2 2 1 2 2 1 1 1 2 2 2 2 2 2 1 2 1 1 1 1 3 3
67      1 2 2 2 2 2 1 1 2 2 1 2 3 1 1 2 2 1 2 2 1 1 2 2 2 1 2 2 2 3 2 2 3 3 2 2 2 2 2 3 2 1 3 1 3 3 1 1 1 2 1 1 2 2 2 3 3 3 3 2 1 1 1 1 3 3 2 1 1 2 1 2 2 1 1 2 1 1 1 1 1 1 2 2 1 1 2 2 3 1 1 1 2 1 2 1 1 1 2 2 2 1 1 1 1 2 2 2 2 1 1 2 1 2 1 1 1 1 3 1
68      1 2 2 2 2 2 1 1 2 2 1 1 3 1 1 2 1 1 2 1 1 1 2 1 2 2 2 2 2 3 2 2 3 3 2 2 2 2 2 3 2 1 3 1 2 3 2 1 2 1 1 1 2 2 3 3 3 3 3 2 1 1 2 1 3 2 2 2 1 1 1 1 2 2 1 2 1 1 1 1 1 1 2 2 1 1 2 2 2 1 1 1 2 1 2 1 3 1 2 2 2 1 1 1 1 2 2 2 2 2 1 2 1 1 1 1 1 1 3 1
69      2 2 2 2 3 3 2 2 2 1 1 1 3 1 1 2 2 1 1 1 1 1 1 1 2 2 1 1 3 3 2 2 3 3 2 2 2 2 2 2 1 1 3 3 2 3 1 1 1 2 2 1 2 2 3 3 3 3 3 2 1 1 2 2 3 3 1 1 1 2 1 2 2 1 2 2 1 1 1 1 1 1 3 1 1 1 2 2 3 1 2 2 2 2 2 2 2 2 2 2 2 2 1 1 1 1 1 1 2 2 1 2 2 2 1 1 1 1 3 3
70      2 2 2 2 1 3 1 2 1 1 1 1 3 1 2 1 2 1 2 1 1 1 1 1 2 2 1 1 2 3 2 2 3 3 2 2 2 2 3 2 1 2 3 3 2 3 1 1 2 2 1 1 2 2 3 3 3 1 3 2 1 1 2 2 3 3 1 1 1 2 1 2 1 1 2 2 1 1 1 1 1 1 3 3 1 1 2 2 3 3 2 2 2 2 1 2 2 2 2 2 2 2 1 1 1 1 1 1 2 2 1 1 1 2 1 1 1 1 3 3
71      2 2 2 2 3 2 2 2 1 2 1 1 1 3 1 2 2 2 2 2 1 1 1 1 2 2 1 2 3 3 2 2 3 1 2 2 2 2 2 2 2 2 3 1 3 2 1 1 2 1 1 1 2 2 3 3 3 3 2 3 1 1 2 2 3 3 1 2 1 2 1 2 1 2 2 2 1 1 1 1 1 1 3 1 1 1 2 2 3 1 2 1 2 1 1 1 2 1 2 2 2 2 1 1 1 1 1 2 2 1 1 2 2 1 1 1 1 1 3 3
72      2 2 2 2 3 2 1 2 1 1 1 1 3 1 2 2 2 2 1 2 1 1 1 1 2 2 1 1 3 3 2 2 3 1 2 2 2 2 2 2 1 2 3 1 2 3 1 1 2 1 1 1 2 2 3 2 3 3 2 3 1 1 2 2 3 3 1 2 2 1 2 2 1 1 2 2 1 1 1 1 1 1 3 1 1 1 2 2 3 1 2 2 2 1 1 1 2 3 2 2 2 1 1 1 1 1 1 2 2 1 1 2 2 1 1 1 1 1 3 3
73      1 2 2 2 1 1 1 2 1 1 2 2 3 1 2 1 2 2 2 2 2 3 1 1 2 2 2 2 2 1 2 2 1 3 2 2 2 2 2 1 2 2 3 1 2 2 2 1 2 1 1 1 2 2 2 3 2 3 2 3 1 1 1 1 3 2 1 2 1 1 1 1 2 2 1 2 1 1 1 1 1 1 1 2 1 1 2 2 3 2 1 1 1 2 1 1 1 1 2 2 2 2 2 1 1 2 2 2 1 2 2 2 1 2 1 1 1 1 3 3
74      1 2 2 2 2 1 3 3 1 2 1 1 1 1 2 2 2 1 2 1 1 1 1 1 2 2 2 2 2 1 2 2 1 3 2 2 2 2 2 3 2 2 3 1 2 3 2 1 1 1 1 2 2 2 2 2 2 3 2 3 1 1 1 1 3 2 1 2 1 1 1 1 2 2 1 1 1 1 1 1 1 1 2 2 1 1 2 2 3 2 1 1 2 2 2 1 1 1 2 2 2 2 2 1 1 2 2 2 2 2 2 2 1 2 1 1 1 1 1 3
75      2 2 2 2 3 2 2 2 2 2 1 1 1 3 2 2 2 2 1 2 1 1 1 2 2 2 1 2 3 3 2 2 3 1 2 2 2 2 2 2 1 2 3 1 2 3 1 1 2 1 1 1 2 2 3 3 3 3 3 3 1 1 2 2 3 3 1 1 1 1 1 2 2 2 2 2 1 1 1 1 1 1 3 2 1 1 2 2 3 2 2 1 2 2 2 1 2 1 2 1 2 2 1 1 1 1 1 2 2 1 2 2 2 2 1 2 1 1 3 3
76      2 2 2 2 3 2 2 2 1 1 1 1 3 1 1 2 1 1 1 2 1 1 1 2 2 2 1 2 3 3 2 2 3 1 2 2 2 2 2 2 1 2 3 1 3 3 1 1 1 1 2 1 2 2 3 3 3 3 3 3 1 1 2 2 3 3 1 1 2 1 2 2 2 2 2 2 1 1 1 1 1 1 3 2 1 1 2 2 3 2 2 1 2 2 2 1 2 1 2 1 2 2 1 1 1 1 1 2 2 1 2 2 2 1 1 1 1 1 3 3
77      2 1 2 2 3 1 2 3 2 2 1 1 1 1 1 1 2 2 2 2 1 3 1 1 2 2 2 2 2 1 2 2 3 3 2 2 2 2 2 3 2 2 1 1 2 2 2 2 1 1 1 1 2 2 2 3 3 3 3 3 1 1 1 1 3 3 1 1 1 1 1 1 2 2 1 1 1 1 1 1 1 1 1 2 1 1 2 2 3 2 1 2 2 2 1 1 3 2 2 2 1 1 1 2 1 1 2 2 2 2 2 2 1 1 1 1 1 1 3 3
78      1 1 2 2 2 1 1 1 2 2 1 1 1 1 1 1 1 2 2 2 1 3 1 1 2 2 2 2 3 1 2 2 3 3 2 2 2 1 2 3 1 1 2 1 2 2 2 2 2 1 1 1 2 2 2 2 3 3 2 3 1 1 1 1 3 2 1 2 1 1 1 1 2 1 1 2 1 1 2 1 1 1 3 1 1 1 2 2 3 2 2 2 2 2 1 1 1 1 1 2 2 2 2 2 1 1 2 2 2 2 2 2 1 1 1 1 1 1 3 3
79      2 2 2 2 2 2 1 1 2 2 1 2 1 1 2 2 1 2 1 2 1 1 2 2 2 2 2 2 3 3 2 2 3 3 2 2 2 2 2 2 2 2 3 1 2 3 2 1 1 1 1 1 2 2 3 2 3 3 2 2 1 1 2 1 2 3 2 1 1 2 1 2 2 1 1 2 1 1 1 1 1 1 2 2 1 1 2 2 2 3 1 1 1 1 1 1 3 1 2 2 2 2 1 1 2 1 2 2 2 2 1 1 1 1 1 1 1 1 3 3
80      2 1 2 2 2 2 1 1 2 2 1 2 3 3 1 1 1 1 2 2 1 1 1 2 2 2 2 2 3 2 2 2 3 3 2 2 2 2 2 3 2 1 3 1 2 3 2 1 2 2 1 1 2 2 3 2 3 3 2 3 1 1 2 1 3 3 2 2 1 2 1 2 2 1 2 2 1 1 1 1 1 1 2 2 1 1 2 2 2 1 1 1 1 1 1 1 3 1 2 2 2 2 1 1 2 1 2 2 2 2 2 1 1 1 1 1 1 1 3 1
81      2 1 2 2 3 2 2 1 1 2 1 1 3 1 2 1 2 2 2 2 1 1 1 1 2 2 2 2 3 1 2 2 3 3 2 2 2 2 2 2 2 1 1 1 2 2 1 2 1 2 1 1 2 2 3 2 3 3 3 2 1 1 2 1 3 3 1 1 1 1 1 1 1 2 2 2 1 1 1 2 1 1 3 3 1 1 2 2 1 2 1 2 2 2 1 1 1 1 2 1 2 2 1 2 1 1 2 2 1 2 2 2 1 1 1 1 1 1 3 3
82      2 1 2 2 3 2 2 1 1 2 1 1 1 1 1 1 2 1 2 2 1 3 1 1 2 2 2 2 3 3 2 2 1 3 2 2 2 2 2 2 2 1 1 1 3 2 1 2 1 1 1 1 2 2 3 2 3 3 3 3 1 1 2 1 3 3 2 1 1 1 1 1 1 1 2 2 1 1 1 2 1 1 1 3 1 1 2 2 1 3 1 2 1 2 1 1 1 1 2 2 2 2 1 2 1 1 1 2 1 2 2 2 2 1 1 1 1 1 3 3
83      2 2 2 2 2 2 1 2 2 1 1 1 1 1 2 2 1 2 2 1 1 1 2 1 2 2 2 1 3 3 2 2 3 3 2 2 2 2 2 2 2 1 3 3 3 3 1 1 1 2 1 1 2 2 3 2 3 3 2 3 1 1 1 2 3 3 1 2 1 1 1 2 1 1 1 2 1 1 1 1 1 1 2 1 1 1 2 2 2 1 1 2 1 2 1 1 1 3 2 2 2 2 1 1 1 1 2 1 2 1 1 2 1 1 1 1 1 1 3 3
84      2 2 2 2 2 3 1 1 2 1 2 1 1 3 2 2 1 2 1 2 1 1 2 1 2 2 2 1 3 3 2 2 3 3 2 2 2 2 2 2 2 1 1 3 3 3 1 1 1 2 1 1 2 2 3 3 3 3 2 3 1 1 2 2 2 3 2 2 2 2 2 2 1 1 1 2 1 1 1 1 1 1 2 3 1 1 2 2 2 1 1 2 1 2 1 1 3 2 2 2 2 2 1 1 1 1 2 1 2 1 1 2 1 2 1 1 1 1 3 3
85      2 2 2 2 2 3 2 2 2 2 1 1 1 1 2 1 2 2 1 2 1 3 1 1 2 2 2 2 3 2 2 2 3 3 2 2 2 2 2 3 2 2 1 1 3 2 1 2 2 1 1 1 2 2 3 3 3 3 3 3 1 1 2 1 3 3 1 1 1 1 1 1 2 2 2 1 1 1 1 1 1 1 3 2 1 1 2 2 3 2 2 2 2 2 1 1 2 3 2 2 2 1 1 2 1 1 1 2 2 2 2 2 2 1 2 1 1 1 3 3
86      2 1 2 2 3 1 2 2 2 2 1 1 3 1 2 1 2 2 2 2 1 3 1 1 2 2 1 2 3 2 2 2 3 3 2 2 2 2 2 2 2 2 1 1 2 2 1 2 1 1 1 1 2 2 3 2 3 3 3 3 1 1 2 1 3 3 1 1 1 1 1 1 2 2 2 1 1 1 1 1 1 1 2 2 1 1 2 2 2 3 1 1 2 2 2 1 1 2 1 2 2 1 1 2 1 1 1 2 2 2 2 2 2 1 1 1 1 1 3 3
87      1 1 2 2 2 1 1 3 2 2 1 1 3 1 1 2 1 1 2 1 1 1 1 1 2 2 2 2 2 2 2 2 3 1 2 2 2 2 2 2 2 2 3 1 3 2 1 2 2 1 1 2 2 2 3 2 3 2 3 2 1 1 2 1 3 3 2 2 1 1 1 1 1 2 2 1 1 1 1 1 1 1 2 2 1 1 2 2 2 2 1 1 1 2 1 2 1 1 2 2 2 2 1 2 1 2 2 2 2 2 1 2 1 1 1 1 1 1 1 1
88      2 1 2 2 2 1 1 3 2 2 2 1 3 1 1 2 1 1 2 1 1 1 1 1 2 2 2 2 3 1 2 2 3 3 2 2 2 2 3 2 2 2 3 3 3 2 1 2 2 1 1 1 2 2 3 2 3 2 2 3 1 1 1 1 3 3 2 1 1 1 1 1 2 2 2 1 1 1 1 1 1 1 2 2 1 1 2 2 1 2 1 1 1 2 1 1 3 1 2 2 2 2 1 1 1 2 2 2 2 2 1 2 1 1 1 1 1 1 1 3
89      2 2 2 2 3 1 2 2 1 1 1 2 3 1 1 2 1 2 2 2 1 3 2 1 2 2 2 2 3 2 2 2 1 3 2 2 2 2 2 2 1 2 3 3 3 2 1 2 1 1 1 1 2 2 3 2 3 3 3 3 1 1 2 1 3 3 1 2 1 1 2 1 2 2 2 2 1 1 1 1 1 1 2 2 1 1 2 2 3 2 2 1 2 2 1 1 1 1 1 2 2 2 1 1 1 2 2 2 2 2 2 2 2 1 1 1 1 1 3 3
90      2 2 2 2 2 1 2 2 1 1 1 2 3 1 1 1 1 2 2 2 1 3 2 1 2 2 1 2 3 2 2 2 1 1 2 2 2 2 2 1 2 2 1 1 3 2 1 1 1 2 1 1 2 2 3 3 3 3 3 3 1 1 2 1 3 2 1 2 2 1 2 1 2 2 2 1 1 1 1 1 1 1 3 2 1 1 2 2 3 3 2 1 2 2 2 1 1 1 1 2 2 2 1 2 1 2 1 2 1 1 2 2 1 1 1 1 1 1 3 3
91      2 1 2 2 3 3 2 2 1 2 1 1 1 3 1 2 2 2 2 2 3 3 1 1 2 2 2 1 3 3 2 2 3 3 2 2 2 2 2 2 2 2 1 1 3 2 1 1 1 1 1 1 2 2 3 2 3 3 3 3 1 1 1 1 3 3 1 1 1 1 1 1 1 2 2 2 1 1 1 1 1 1 1 2 1 1 2 2 3 3 2 1 1 2 1 1 1 2 2 2 2 1 2 2 1 1 1 2 2 2 2 2 1 1 1 1 1 1 3 3
92      2 1 2 2 3 1 1 2 2 2 1 1 1 3 1 2 2 2 2 2 1 1 1 1 2 2 2 2 3 2 2 2 3 3 2 2 2 2 2 2 2 2 1 1 3 2 1 1 1 1 1 1 2 2 2 2 3 3 3 3 1 1 2 1 3 3 2 1 1 1 1 1 1 2 2 2 1 1 2 1 1 1 3 2 1 1 2 2 1 2 1 1 1 2 1 1 1 1 2 1 2 2 1 1 1 1 2 1 1 2 2 2 2 2 1 1 1 1 3 3
93      2 1 2 2 2 2 1 1 2 2 1 1 3 3 2 2 2 1 2 2 1 1 1 1 2 2 2 2 3 3 2 2 3 3 2 2 2 2 2 3 1 2 1 3 2 3 1 1 1 1 1 1 2 2 2 2 3 2 2 3 1 1 2 1 3 3 1 1 1 1 1 1 1 2 2 2 1 1 1 1 1 1 3 2 1 1 2 2 2 2 2 1 2 1 1 1 1 3 2 2 2 2 2 1 1 1 2 2 2 2 2 2 1 1 1 1 1 1 3 3
94      2 1 2 2 2 2 1 1 2 2 1 2 3 3 2 1 2 1 2 1 1 1 1 1 2 2 2 2 3 1 2 2 3 3 2 2 2 2 2 3 2 2 1 3 2 3 2 1 2 2 1 1 2 2 2 3 3 2 2 2 1 1 2 1 3 3 1 1 1 1 1 1 1 2 2 1 1 1 1 1 1 1 3 2 1 1 2 2 1 1 1 1 2 2 1 1 1 3 1 2 2 2 2 1 1 1 2 2 2 2 2 1 1 1 1 1 1 1 3 1
95      2 2 2 2 1 3 2 2 1 2 2 1 1 1 2 1 2 2 2 1 1 1 2 1 2 2 2 2 2 3 2 2 3 3 2 2 2 2 2 3 1 2 3 1 2 2 2 2 1 1 1 1 2 2 2 3 3 3 3 3 1 1 2 2 3 3 2 1 1 1 1 1 2 2 2 1 1 1 1 1 1 1 2 3 1 1 2 2 2 3 1 2 2 2 1 1 1 3 1 2 2 1 1 2 1 1 2 1 2 2 2 2 1 1 1 1 1 1 3 3
96      2 2 2 2 1 3 2 2 1 2 1 1 1 1 2 1 1 2 2 2 1 1 2 1 2 2 2 2 2 2 2 2 3 3 2 2 2 2 2 2 2 2 3 1 3 3 1 1 1 1 1 1 2 2 2 3 3 3 3 3 1 1 1 1 3 3 1 1 1 1 1 1 2 2 2 2 1 1 1 1 1 1 2 3 1 1 2 2 3 3 2 2 2 2 1 1 1 3 2 2 2 1 1 2 2 1 2 2 2 2 2 2 2 2 1 2 1 1 3 3
97      1 2 2 2 2 2 3 1 2 1 1 1 1 3 2 2 1 2 2 2 1 1 1 2 2 2 2 1 2 3 2 2 3 3 2 2 2 2 2 2 2 2 1 1 3 3 1 1 2 1 1 1 2 2 3 3 2 3 2 2 1 1 1 2 3 3 2 2 1 2 1 2 1 1 2 2 1 1 1 1 1 1 2 3 1 1 2 2 2 1 1 1 1 2 1 1 1 2 2 2 2 2 2 1 1 1 2 2 2 2 1 1 1 2 1 1 1 1 1 3
98      1 2 2 2 2 2 1 1 2 2 1 2 3 1 1 2 1 2 1 2 1 1 1 2 2 2 2 1 2 3 2 2 3 3 2 2 2 2 2 2 2 1 1 3 2 3 2 1 1 2 1 1 2 2 2 3 2 3 2 3 1 1 1 2 3 3 2 2 1 2 1 2 1 1 1 1 1 1 1 1 1 1 2 3 1 1 2 2 2 2 1 1 2 1 2 1 1 3 2 2 2 2 2 1 1 1 2 2 2 2 2 1 1 1 1 1 1 1 1 3
99      2 2 2 2 1 2 2 1 1 2 1 1 1 1 1 2 1 2 2 1 1 1 2 2 2 2 2 1 3 3 2 2 1 3 2 2 2 2 2 2 2 2 1 3 2 3 1 1 1 2 1 1 2 2 3 3 3 3 3 3 1 1 2 2 2 3 2 1 2 1 2 1 2 1 2 1 1 1 1 1 1 1 2 2 1 1 2 2 3 1 1 2 2 1 2 1 1 3 2 2 2 2 2 1 1 1 1 1 1 1 2 2 1 1 1 1 1 1 3 3
100     2 2 2 2 2 2 2 1 1 1 2 1 1 1 1 2 1 2 2 1 1 1 2 2 2 2 1 1 3 3 2 2 1 3 2 2 2 2 2 2 2 2 1 3 3 3 1 1 2 1 1 1 2 2 3 3 3 3 3 3 1 1 2 2 2 3 2 2 1 1 1 2 2 1 2 2 1 1 1 1 1 1 2 1 1 1 2 2 3 2 2 1 2 2 1 1 1 3 2 2 2 2 1 1 1 1 2 1 1 1 2 2 1 1 1 1 1 1 3 3
101     2 2 2 2 2 1 1 2 1 1 2 1 1 1 2 2 2 2 1 2 1 1 2 2 2 2 1 2 3 2 2 2 1 3 2 2 2 2 2 2 2 2 1 1 3 3 1 1 1 1 1 1 2 2 3 2 3 3 3 3 1 1 2 1 3 3 2 1 1 1 2 1 2 2 2 2 1 1 1 1 1 1 1 2 1 1 2 2 3 3 2 2 2 2 1 1 3 3 2 2 2 1 1 2 1 1 2 2 1 2 2 2 1 2 1 2 1 1 3 3
102     2 2 2 2 2 3 1 2 1 2 2 1 1 1 2 2 1 2 2 2 1 1 2 2 2 2 1 2 3 2 2 2 3 3 2 2 2 2 2 2 2 2 1 3 3 3 1 1 1 1 1 1 2 2 3 3 3 3 3 3 1 1 2 1 2 3 2 1 1 1 1 1 1 2 2 2 1 1 1 1 1 1 2 3 1 1 2 2 3 3 2 2 2 2 1 1 1 3 2 2 2 2 1 1 1 2 1 2 1 2 2 2 1 2 1 1 1 1 3 3
103     1 1 2 2 3 3 1 2 2 1 1 1 1 1 1 1 2 2 2 2 1 3 1 1 2 2 2 1 2 3 2 2 3 3 2 2 2 2 2 2 2 2 1 1 3 2 1 1 1 1 1 1 2 2 2 2 3 3 3 3 1 1 2 1 3 3 1 1 1 1 1 1 1 1 2 2 1 1 1 1 1 1 2 1 1 1 2 2 2 3 1 2 2 2 1 1 1 1 1 2 2 2 1 2 1 1 1 1 2 2 2 2 2 1 1 1 1 1 3 3
104     2 2 2 2 3 3 1 2 2 2 1 1 3 3 2 2 2 2 2 2 1 3 1 1 2 2 2 2 2 3 2 2 3 3 2 2 2 2 2 2 2 2 1 1 2 2 1 1 1 1 1 1 2 2 2 2 3 3 3 3 1 1 2 1 3 3 2 1 1 1 1 1 1 2 2 2 1 1 1 1 1 1 3 1 1 1 2 2 1 3 1 1 1 1 1 1 1 2 2 2 2 1 1 2 1 1 2 1 2 2 2 2 2 1 1 1 1 1 3 3
105     2 1 2 2 2 2 1 1 2 1 1 1 1 1 1 2 1 1 2 2 1 1 2 2 2 2 1 2 3 3 2 2 1 3 2 2 2 2 2 2 2 2 3 1 2 3 1 1 1 1 1 1 2 2 3 3 3 2 3 2 1 1 2 2 3 3 1 2 1 1 1 1 2 1 2 2 1 1 1 1 1 1 2 3 1 1 2 2 3 2 1 1 1 1 1 1 3 2 2 2 2 2 1 2 1 1 1 2 1 2 2 1 1 1 1 1 1 1 3 1
106     2 1 2 2 2 2 1 1 2 2 1 1 1 3 2 2 2 1 1 2 1 1 2 1 2 2 1 1 3 3 2 2 1 3 2 2 2 2 2 2 2 2 3 1 3 3 1 1 2 1 1 1 2 2 3 3 3 2 3 2 1 1 2 2 3 3 1 2 1 2 1 2 2 1 1 2 1 1 1 1 1 1 2 3 1 1 2 2 1 2 2 1 2 2 2 1 1 1 2 2 2 2 2 2 1 1 1 2 1 2 2 1 1 1 1 1 1 1 3 1
107     2 2 2 2 3 2 2 1 2 2 2 2 1 3 1 1 2 2 2 2 1 1 2 1 2 2 2 2 2 1 2 2 3 3 2 2 2 2 2 3 2 2 1 3 2 2 2 2 1 2 1 1 2 2 3 2 3 2 3 2 1 1 2 2 3 3 2 1 1 1 1 1 2 2 2 1 1 1 1 1 1 1 3 3 1 1 2 2 3 1 2 1 2 2 1 1 1 1 1 1 1 2 2 1 1 1 1 2 2 2 2 1 1 1 1 1 1 1 3 1
108     2 2 2 2 1 2 2 1 2 2 1 1 1 3 2 1 2 2 1 2 1 1 1 1 2 2 2 2 3 3 2 2 3 3 2 2 2 2 3 2 1 2 3 3 2 3 2 1 1 2 1 1 2 2 2 3 3 2 3 2 1 1 2 1 3 3 2 1 1 1 1 1 2 1 1 2 1 1 1 1 1 1 2 2 1 1 2 2 2 1 1 1 2 2 1 1 3 1 2 1 1 2 2 1 1 1 2 2 2 2 2 1 1 1 1 1 1 1 3 3
109     2 1 2 2 2 2 1 1 2 2 2 1 3 3 1 2 1 1 1 2 1 1 1 1 2 2 2 2 3 3 2 2 3 3 2 2 2 2 2 2 2 1 3 1 3 2 1 1 2 1 1 1 2 2 2 2 2 3 3 2 1 1 2 2 3 3 2 1 2 1 2 1 1 1 1 2 1 1 1 1 1 1 2 2 1 1 2 2 2 2 1 2 1 2 1 1 3 1 2 2 2 2 2 1 1 1 2 2 2 2 2 2 1 1 1 1 1 1 3 3
110     2 1 2 2 2 2 1 1 2 2 1 1 3 3 1 2 1 1 1 2 1 1 2 1 2 2 2 2 3 3 2 2 3 3 2 2 2 2 2 2 2 2 1 3 3 2 1 1 2 1 1 1 2 2 3 2 3 2 3 3 1 1 2 2 3 3 2 1 1 1 1 1 1 2 1 2 1 1 1 1 1 1 2 2 1 1 2 2 2 2 1 1 2 2 2 1 1 1 2 2 2 2 1 1 1 1 2 2 2 2 2 2 1 1 1 1 1 1 1 3
