State vector for MT19937:
  1465280237    312403741   4029330291   3270490931   2450622964   2440696851   1918763963     19661417
  1619403893   3449451981   3885873232   3609404362   1971498841    936199621   3803575239    731451491
  1407021599   1598165991   2231496656   2849570797   4145864799   3841572961   2569754816   3857176225
  4240596994   3390531966   3776676715     17137699   2645772523   1948218634   2102988917   2166198755
  2900555493   3757967428   2140685093   3640443223   2558147144   1634769239    752190740    134296843
  3844722815   3447037205   2484191192    564288301   2719223277   3806815864    209732021   3115764120
  2453074930     63548897    432407287   1802918566   2865111831    981800062     99255276     26433619
  3886760951   3650839421   3808341744    650121498   2191763838    313080361   3489850219   3031326791
  1479796857   2401955737   1734835049   1823889483    456552310   2992250835   2739693243    724338756
  1197090588   3008033722    587702242   2646607477   1635335231    600044227   3767411261   3222843589
  1572975726   1778685724   2792956867   3895747704   1238267867   3683578711    921302138     91799161
   132179733   2767743138   1650386810   3517916898   1913634849    786951421   3594446127     61404859
  2161142567   3851686650   1650572703   4133182905    524977350   1658738819   1118076336   1845514300
  2126204281   4204972225   1425475316   1155652628   3967160757   3188286267   3260851947   3023569399
  2094523161    526151913    977550687   1130171886   2511627967    642952710   2817122004   3344920805
  3663503670   2101606242   1391039881    770033443   1227770955   4095587247   2928865114    762742327
  1024942899   3635768992   1648288209   1448568723   1139212062   1988312768    564399019   2242125310
  2947526900   4106123159    841966062   1033634161   2171144993   1465655388   3811936831   1656596027
  1985847154   2909369328    491077900   1937118799   1135119194    395292284   1165243266   1123970630
  2404811163   4020962038   2210416707   1196313408   2196798017   4129495052   3760293257   1014401553
  1025413717   1437743402   3826618777   2057559141   1246984216   3538076546   1386097547   2793015321
  2570626639   3430142474    794275639   2564657246   2754556152   3601472847   2547989418   3818353143
  3831990772   2138021412   4054725195   1385848603   3313659894    638798174     24199372     49265971
   624619735   2231702668   2867010240   2285461829    279142591    947151640   1687875894   1756928626
  3634461471    274435789   3609595043    388275171   3222469715   2528402517    888405529   4125991332
   299116203   3289498944   2255007545   3148920338   1486251292   1866295870   1020240553   3667304060
  3250028523      3186521   4293165039   1292879087   2719879354    567742829   3894949335     91730299
  4103133535   3271294501   3279395800   3348476226    514963585   2942424258   1572057246    163759770
  2086061474   2843030832    554942364   2878936431    836225509   1181824318   1759623617   1102449063
  2743444838   3203974493   4083070565   3099888937    356824547   3869720188   3387334665   2884140769
  2060880767   1069381543   1146721493   1774791831   3847544354   3829550330   2955452467   1259892044
   742151513   2666090006    526418654   1127116945    796883404   1510816377   3570027094    434753928
  1964602280   1200559022    717515789   1840027428   1610444701   1559987601   2963653334    712331947
  4029948287   3839922933   1207542296   4159395304   1044425155    313611772   4041132410   3490070220
  1975291835   3261415283   3707041858   2068298680    886182417   3976411850   2755314531   2170879836
  3172208430   1329367413   1520259038    854055702   1867658954    240075316   3474912162   3707652260
  3049589251   3676208262   1196248731   2663804389   1248525383    186711747   1202708245   4031821835
  1787618384   3657199134   1448081307   2521045741   1272023159   2397830587   2851216427   2931166812
  1746270790   2676801076   1070330496   4055707059    484849572   1343666409   2957188286   2382295907
   159117181   1501192842    567428369   3999422960   2828372251   3574364442   2523474203   1244305692
  2055859889   4025965745   2920338812   2908137977   1308976203   2698128503   2145986671   3231830701
  3294182894   3872670922   1477293463   1387260793   3568508836    405593392   3630298430    999188320
   136391216   1543067201    340215954   3119760621    135895711    875698448   3600643238   3155055472
  1013772114   1179340467   1202802580    899556388   4122445712   3791333724   3335793369    546935649
     1904549   2723773050   3911158458   2982002016    803416846   2349628395   2660996435    394347356
   445632692    374975597   2174901611   3807055064    244991699   1183440300   2814446511   3424924080
  3368380431   3269753389   3905475480   2109108378   3011142043   2226283474   1283175046    889761722
  3633176538    129200918   2147299112   2470415784   2995314574   3698728889   2276134880   3643488169
   209514898   4254102043   2511592698   4227786587   1221025596   3209378198   3179932906   4052394255
  4080334660     53186444   2362806214   2022546911   1382881314   1407861340   2239427903   3882575776
  1632313311    499343911   1890425333   2173522647   3723013277   1904126443   3981264104   4291491150
  3111386617    327911584   2659879098    215640627   1617310395   2492305151     38391919   4004750442
   448466957   2478787522   3158484066   4007803779   4053334820   2178152200   2702889624   2759819881
  3624319199   2979572853   2965945245   1626545766   2751536975   2773258254    815743594   4064669569
  1733431802    282946744   3214040650   3710630939   4002549548   2282300992   1961061312    816500188
   210892164   2023064269    965724214   3914917129    501921966   3744595043    896005022     78949653
   595298313   2680716878   3653534142   1545623124   3746074189   3085558923   3327360211    376147927
   189452443   2523152880   3799418948   1973601486    976449143   3047769536     40589656   4170340743
  2252404452   2215411855   3381997171   3804578819   3845641684   3713560232   3519688269    598607005
  2422921417   3115920624   2981773140   3451520201    276430734   2932265699    192060835   3993595438
  4108947105   3689413067    464098762   4220990613   3857057554    721413274    545365160   1485879343
  3572189710   1842359818   2719158081   3548701274   1291710473    903609621   3251509303   1521443443
  1811864298    522265512   3720346426    616472688    639712804   3092957737   4247767021   1431978205
  2404734148    275933719   1384852493   1338953399   2553345482   1464926693    171230450   3201644409
  3442260103   2633986581   2004309013   3130974695   1893051997   1931544657    329980310   1313628213
  1426705036   3491586218   3304101303   2062837263   4285252498   4129538882     39900083    258167470
  3828399798   2956795002   2745202026   2197486619   1855838449   1273956549   3462093674    433406852
  3672197420   3210021028   1119306136   3147220088   2297876542    544490953   3149339499    415761292
  4188230748   1211114140   1808707347   2243540541   3028656127   3611395574     54327503    165540562
  3879809282   3807961230   1547112139   2015949277   3197774328   1361009615    874674292   1060871155
  2694747151   3290849362   3135658791    497796300    313119408   1099977125   2233269226   3398864063
  2816091236   4250203255    142772222    372807537   3715513041   3638401303   3320126242   1489985348
  3132065145    537624264   2732199722   1010590987   2100544155   1657156359   4138359204   1656799274
  2182075967   1636904282   3507067441   3953957381    397409450    659270495   3274274249   2682950913
  4167067519   3117298237   2599849005   3180558302   3445032992   2477126436   3181528660   3708012613
   982875126   1208651879    238784664   2450089555   2645408081   1123846940   2648730063   3267589440
  3920830671     97328861    595358867   3464604514   2038859945   2379076781   3184497265   2104054982
   509473771    302448928   1681757194    819088834   3336798710    570516758    893364764   2330663803
