State vector for MT19937:
  1461176212   1732475594   3655537945    144194885   2780633405   3671502048   3077353621    277052058
   850512074   3659420091    599373218   3387316981    860457242   1310196047   2571977172   3901783933
  3115236038   2403242853   2086880949    317536535   2932200743   1126229166    723836961   3462731292
   898715987    606044376   3259592018    464484880   3942496364   1557539560   3050610443   2872938412
  3606040006   3726482394   1225039295   3211717145   2898776011   2475068274   1153692502   1508479098
  1322570671    822190543   4125466069   2112408473   4076120868   3962594704   3766009389   3366692437
  3692471838   3131051682    794387794   3803962253   3850280250   2779154610   1990860198    512561690
    51252858   2543911003   2317599831   3732992708   1648183231   2881748019    933214355   2077195582
  3818660123   1643570873   3068755674   3068699515    764624897   4099918250   2085945587   2846417345
  3234295095   3029002701   1251411445   1500573071    529577810   2171680167   3135403879   3439405096
  3173047367   1438307466   1111572009   2702765595   4109390129   2392967951   3839496567   1737226011
  2066442138    198103936    541651418   1529550173   1810999720   3653394698   1658657259   3246355377
  3457214362    969621694   2148022616   1936050917   3170439256   1115266535   2831508004   4000321381
  2117970342   3853471308   3879414933   1699667353   1541129572   3692752454   3758485159   1166600995
  2059925210   2549913560   1122079604   2132527772   3417306469   1149855667   2157063088   1022066609
   974527053   4075197914   3759751191    499973215   1871145207    508694411   4051600725   3919552877
  1801490150   1709375652   1315606171   3566251333   2394477346   2110221349   2106126010    971326286
  1201294414   1021272756    853558670   3868618641    537732902   3375220875   3138971190   1601218323
   442010794   1490844067   3078729596   3246828361   1389506246   1667626008   4287213427   2353342407
  2348031569   3016712792   2498361372   1726542449    615880396   3639323417   1497459680    414316900
  4268353812    556221876   4038579366   3319149244   2783132927   1966437750   1144326041   2669959071
  3716454041   1881003371   3235966332   2320476870   2402108416   1783555959   1194948668   3769636288
  3178426783    418470050   3289688732    701458542   3233354266    509773202   4116174160   2786432374
   430639996   1241834661   1120270702   4037070982   3467407925   3131176459   3570393931   3449697319
  1716377332   1097985130   1684310521   3477612443   2580543420   3906170043   2577423710   3418296851
  3783045400   3971371888   3267131433   2983191389   3008072775    482493702   3133108780   2833558261
  3799425859   1290512657   3588441122   3406203608   3386965051   2454026989    347891745   3337993948
  1311942099    360107699    929192057   4067731864    503832067   1694446348   1281104383   1211183125
  2393812164    113910015   1415609469   2752739791   4168664005   2329162755    764677707   1058850686
  3918472094   4107473626   2622198151    827561828   2243641184    192509079   1785778049    168648303
  2279123387    996014062   3846385624    454759770   3180500854   1376703929   3359754894   1026908056
  1935609840   2141209614   1326440933    241378287   2330006855   4027732534    548130023   3804264226
  2744560133   3315586244   1180594821    539480855   2035193879   1543489459   3148221504    316680465
  3017887165   1052238948   2525143166   4241468919   2477995600   1107579239   2634921036    570941909
  2915702553   3168113080   1062537588   2965884887    937491741   2600690310   1504346922   1520747534
  2690015747   2525901950   1066734086   3802092409   1826503230    210875128   1930056950   1900852626
  3144961823   2567224466   3484906994    118915640    119101756    509956561   2675515803    888415108
   871344188   2822339797   1079922941   1701892247   1631359578    733311508   3878598418   1658672100
  1517987721   1254351321   2685186922   3101520187   2508467633   2105529300   2459865407   1760817992
  1752174085   1037151437   3469599515    459960755   1740416987   1916265535   1592015796   2448583848
    24238674    268371355   1423583849   1134322763   1415916662   3690412856   2581197453   1270102706
  1885992167   3357980167   1489630430   3788633158   1030835589    450020294   1112945772   3104572752
   768933034   2967775843   3188466327   1197368092   2635243717   1238691544    683892211   3087015222
  1679317724   1044848522   3065400524   2796063905   2419570859    275598602   1285537872    657013332
  2345072772   4096377919   1545767182   3898743630   1785461701   1488075193   2470199038   1566422739
  2492302402   4116410025   2045879420   2831666108   1024332130   1871204119   1689516828    640653536
   934752720    564066433   2386302295   3060918524   2006113194   3928764140    622161089   2112762524
  3327852137   2700286795    612554311   1010535038   2450330418   1690125165   1874093850   3541508646
   879314713   2185523038   3759942862    884106084    692960248   2836062813   3372820481    655613009
  1039419005   3565401562   3644252455   1763645631   4071912066   3758045042    611539491   1471433822
  1100610059   1456800131    577121244   1120668511   2217200554   3779609309    157102380   2034824179
  2817704466    990978537   2991002503     69198356   1327294336   1859281026    909848653   3763225856
  2296698575   3570890114   3916064391   2238912439   1074477325   3846762337   1636820304   4038382492
  2582681187   2232172270   1408573638    665939758    264404178   1313186439    521983628   2735051499
  2637211805   3200819052   1719322136    421694096   4038573188   1746051576   2178361843    820807372
  2701679668   1327450375   2090207000    783036312   4237238452   1442502896   3299316179   4292139215
  3566384700   4045578140    460198525   4156371476    269751255   1433068696   3014726435    436221644
  4009544772    486512844   1999664710    626764494   1597285138    881754956   2811329226   2995944119
  2389198905   3681096728   3170132857   4060419162   1314105841   2458090885   2394867481   1066336894
  3576916878    246605178   1203295484   3302125228    520770535   2236267264   2308823976   2138809841
  1093003664   2364195094   4051559110   4100515484   4079424927   1077937265   4205949462   3137044784
  4256939170   2808780398   3296798342   3459539300   2157678223   1585689742    159368537    292847372
  3293023660   1859555068    840356035   4060985826   3641360569    527930711    846888009   2832538564
  4066045206   2656225346   1033061178   1755943389   3606661576   3781476884   3678397457   2243993369
  2548120231   2864804378    587783546    391884069   2664898205   3030068672   1694753168   1161140540
  3922861081   1839530571   3629744956   1833337062   3525147695   2722728809   1452099141   1546854115
  3957334842     81160334   1785544728   3239488752   2401585395    408273450   2246317736    969141545
  1817609285   1489409261   4001304374   3719782148    677658335   1632315160    943837179   4263600934
  1933438137   3022315193   3369792745   3587824757   3307807410   1805806330    858884653   2025364200
  4095398165   2819835351   1691126835    689443813   1080584325   3569082945   2181273656   3648527121
  1750946378     32021704   3861177626   1524090384   3868671977   1648784263    709381140   3821582875
  2154841520   3245720435   4045213034   1451392424   2992244457   3752165364   2173152689   4200682718
  1826341489    517056625   2733830103   3070533196   3920377098   2559688658    802619222    835831093
  2864655665   1828856424   1663092407   3711946265    170802318   1384637523    520812712   3405644951
  2528576692   1353991199   3563384872   2240202314   2587935932    235491147   1411935725   1748675699
  1418530130    957132568    895282898   3912670517   1361571498    237481684    167997442   2992260393
  3033419607   3308047338   2737514063   4288697284   3850866407    841967193   2196243587   1534710348
  2226532297   3456204928   3690123545   1751739309    501909832   1912058837   3770837266   3261370148
