ID      Genotypes (paternal allele, maternal allele) ...
1       1 1 1 1 2 2 1 1 1 1 1 1 1 1 1 1 1 1 2 2
2       1 1 1 1 2 2 1 1 1 1 1 1 1 1 1 1 1 1 2 2
3       1 2 1 1 2 1 1 1 1 1 1 2 1 2 1 1 1 2 2 2
4       1 1 1 1 2 2 1 1 1 1 1 1 1 1 1 1 1 1 2 2
5       1 2 1 1 2 1 1 1 1 1 1 2 1 2 1 1 1 2 2 2
6       1 2 1 1 2 1 1 1 1 1 1 2 1 2 1 1 1 2 2 2
7       1 1 1 1 2 2 1 1 1 1 1 1 1 1 1 1 1 1 2 2
8       1 2 1 1 2 1 1 1 1 1 1 2 1 2 1 1 1 2 2 2
9       1 1 1 1 2 2 1 1 1 1 1 1 1 1 1 1 1 1 2 2
10      1 1 1 1 2 2 1 1 1 1 1 1 1 1 1 1 1 1 2 2
11      1 1 1 1 2 2 1 1 1 1 1 1 1 1 1 1 1 1 2 2
12      1 2 1 1 2 1 1 1 1 1 1 2 1 2 1 1 1 2 2 2
13      2 2 1 1 1 1 1 1 1 1 2 2 2 2 1 1 2 2 2 2
14      1 1 1 1 2 2 1 1 1 1 1 1 1 1 1 1 1 1 2 2
15      1 2 1 1 2 1 1 1 1 1 1 2 1 2 1 1 1 2 2 2
16      1 1 1 1 2 2 1 1 1 1 1 1 1 1 1 1 1 1 2 2
17      1 2 1 1 2 1 1 1 1 1 1 2 1 2 1 1 1 2 2 2
18      1 2 1 1 2 1 1 1 1 1 1 2 1 2 1 1 1 2 2 2
19      1 2 1 1 2 1 1 1 1 1 1 2 1 2 1 1 1 2 2 2
20      2 1 1 1 1 2 1 1 1 1 2 1 2 1 1 1 2 1 2 1
21      1 2 1 1 2 1 1 1 1 1 1 2 1 2 1 1 1 2 2 2
22      1 1 1 1 2 2 1 1 1 1 1 1 1 1 1 1 1 1 2 2
23      1 1 1 1 2 2 1 1 1 1 1 1 1 1 1 1 1 1 2 2
24      1 1 1 1 2 2 1 1 1 1 1 1 1 1 1 1 1 1 2 2
25      2 1 1 1 1 2 1 1 1 1 2 1 2 1 1 1 2 1 2 2
26      2 1 1 1 1 2 1 1 1 1 2 1 2 1 1 1 2 1 2 2
27      1 1 1 1 2 2 1 1 1 1 1 1 1 1 1 1 1 1 2 1
28      1 1 1 1 2 2 1 1 1 1 1 1 1 1 1 1 1 1 2 2
29      1 2 1 1 2 1 1 1 1 1 1 2 1 2 1 1 1 2 2 2
30      2 1 1 1 1 2 1 1 1 1 2 1 2 1 1 1 2 1 2 2
31      2 1 1 1 1 2 1 1 1 1 2 1 2 1 1 1 2 1 2 2
32      2 1 1 1 1 2 1 1 1 1 2 1 2 1 1 1 2 1 2 2
33      2 2 1 1 1 1 1 1 1 1 2 2 2 2 1 1 2 2 2 2
34      1 2 1 1 2 1 1 1 1 1 1 2 1 2 1 1 1 2 2 2
35      2 1 1 1 1 2 1 1 1 1 2 1 2 1 1 1 2 1 2 2
36      1 1 1 1 2 2 1 1 1 1 1 1 1 1 1 1 1 1 2 2
37      2 1 1 1 1 2 1 1 1 1 2 1 2 1 1 1 2 1 2 2
38      1 1 1 1 2 2 1 1 1 1 1 1 1 1 1 1 1 1 2 2
39      1 1 1 1 2 2 1 1 1 1 1 1 1 1 1 1 1 1 2 2
40      1 2 1 1 2 1 1 1 1 1 1 2 1 2 1 1 1 2 2 2
41      2 1 1 1 1 2 1 1 1 1 2 1 2 1 1 1 2 1 2 2
42      2 1 1 1 1 2 1 1 1 1 2 1 2 1 1 1 2 1 2 2
43      1 2 1 1 2 1 1 1 1 1 1 2 1 2 1 1 1 2 2 2
44      1 2 1 1 2 1 1 1 1 1 1 2 1 2 1 1 1 2 2 2
45      1 1 1 1 2 2 1 1 1 1 1 1 1 1 1 1 1 1 2 2
46      1 1 1 1 2 2 1 1 1 1 1 1 1 1 1 1 1 1 2 2
47      1 1 1 1 2 2 1 1 1 1 1 1 1 1 1 1 1 1 2 2
48      1 2 1 1 2 1 1 1 1 1 1 2 1 2 1 1 1 2 2 2
49      1 2 1 1 2 1 1 1 1 1 1 2 1 2 1 1 1 2 2 2
50      1 2 1 1 2 1 1 1 1 1 1 2 1 2 1 1 1 2 2 2
51      1 2 1 1 2 1 1 1 1 1 1 2 1 2 1 1 1 2 2 2
52      1 2 1 1 2 1 1 1 1 1 1 2 1 2 1 1 1 2 2 2
53      1 2 1 1 2 1 1 1 1 1 1 2 1 2 1 1 1 2 2 2
54      1 2 1 1 2 1 1 1 1 1 1 2 1 2 1 1 1 2 2 2
55      1 1 1 1 2 2 1 1 1 1 1 1 1 1 1 1 1 1 2 2
56      1 1 1 1 2 2 1 1 1 1 1 1 1 1 1 1 1 1 2 2
57      1 1 1 1 2 2 1 1 1 1 1 1 1 1 1 1 1 1 2 2
58      1 1 1 1 2 2 1 1 1 1 1 1 1 1 1 1 1 1 2 2
59      1 1 1 1 2 2 1 1 1 1 1 1 1 1 1 1 1 1 2 2
60      1 1 1 1 2 2 1 1 1 1 1 1 1 1 1 1 1 1 2 2
61      1 1 1 1 2 2 1 1 1 1 1 1 1 1 1 1 1 1 2 2
62      1 1 1 1 2 2 1 1 1 1 1 1 1 1 1 1 1 1 2 2
63      1 2 1 1 2 1 1 1 1 1 1 2 1 2 1 1 1 2 2 2
64      1 2 1 1 2 1 1 1 1 1 1 2 1 2 1 1 1 2 2 2
65      2 1 1 1 1 2 1 1 1 1 2 1 2 1 1 1 2 1 2 2
66      2 2 1 1 1 1 1 1 1 1 2 2 2 2 1 1 2 2 2 2
67      2 2 1 1 1 1 1 1 1 1 2 2 2 2 1 1 2 2 2 2
68      1 1 1 1 2 2 1 1 1 1 1 1 1 1 1 1 1 1 2 2
69      2 2 1 1 1 1 1 1 1 1 2 2 2 2 1 1 2 2 2 2
70      2 2 1 1 1 1 1 1 1 1 2 2 2 2 1 1 2 2 2 2
71      1 1 1 1 2 2 1 1 1 1 1 1 1 1 1 1 1 1 2 2
72      1 1 1 1 2 2 1 1 1 1 1 1 1 1 1 1 1 1 2 2
73      1 1 1 1 2 2 1 1 1 1 1 1 1 1 1 1 1 1 2 2
74      1 1 1 1 2 2 1 1 1 1 1 1 1 1 1 1 1 1 2 1
75      1 1 1 1 2 2 1 1 1 1 1 1 1 1 1 1 1 1 2 2
76      1 1 1 1 2 2 1 1 1 1 1 1 1 1 1 1 1 1 2 2
77      1 1 1 1 2 2 1 1 1 1 1 1 1 1 1 1 1 1 2 2
78      2 1 1 1 1 2 1 1 1 1 2 1 2 1 1 1 2 1 2 2
79      2 2 1 1 1 1 1 1 1 1 2 2 2 2 1 1 2 2 2 2
80      2 2 1 1 1 1 1 1 1 1 2 2 2 2 1 1 2 2 2 2
81      1 2 1 1 2 1 1 1 1 1 1 2 1 2 1 1 1 2 2 2
82      1 1 1 1 2 2 1 1 1 1 1 1 1 1 1 1 1 1 2 2
83      1 1 1 1 2 2 1 1 1 1 1 1 1 1 1 1 1 1 2 2
84      1 1 1 1 2 2 1 1 1 1 1 1 1 1 1 1 1 1 2 2
85      1 1 1 1 2 2 1 1 1 1 1 1 1 1 1 1 1 1 2 2
86      1 1 1 1 2 2 1 1 1 1 1 1 1 1 1 1 1 1 2 2
87      1 1 1 1 2 2 1 1 1 1 1 1 1 1 1 1 1 1 2 2
88      1 1 1 1 2 2 1 1 1 1 1 1 1 1 1 1 1 1 2 2
89      1 1 1 1 2 2 1 1 1 1 1 1 1 1 1 1 1 1 2 1
90      1 1 1 1 2 2 1 1 1 1 1 1 1 1 1 1 1 1 2 1
91      1 1 1 1 2 2 1 1 1 1 1 1 1 1 1 1 1 1 2 2
92      1 1 1 1 2 2 1 1 1 1 1 1 1 1 1 1 1 1 2 2
93      1 2 1 1 2 1 1 1 1 1 1 2 1 2 1 1 1 2 2 2
94      1 1 1 1 2 2 1 1 1 1 1 1 1 1 1 1 1 1 2 2
95      2 1 1 1 1 2 1 1 1 1 2 1 2 1 1 1 2 1 2 2
96      2 1 1 1 1 2 1 1 1 1 2 1 2 1 1 1 2 1 2 2
97      2 2 1 1 1 1 1 1 1 1 2 2 2 2 1 1 2 2 2 2
98      2 1 1 1 1 2 1 1 1 1 2 1 2 1 1 1 2 1 2 2
99      2 1 1 1 1 2 1 1 1 1 2 1 2 1 1 1 2 1 2 2
100     1 1 1 1 2 2 1 1 1 1 1 1 1 1 1 1 1 1 2 2
101     1 1 1 1 2 2 1 1 1 1 1 1 1 1 1 1 1 1 2 2
102     1 1 1 1 2 2 1 1 1 1 1 1 1 1 1 1 1 1 2 2
103     1 1 1 1 2 2 1 1 1 1 1 1 1 1 1 1 1 1 2 1
104     1 1 1 1 2 2 1 1 1 1 1 1 1 1 1 1 1 1 2 1
105     1 2 1 1 2 1 1 1 1 1 1 2 1 2 1 1 1 2 2 2
106     1 2 1 1 2 1 1 1 1 1 1 2 1 2 1 1 1 2 2 2
107     1 1 1 1 2 2 1 1 1 1 1 1 1 1 1 1 1 1 2 2
108     2 1 1 1 1 2 1 1 1 1 2 1 2 1 1 1 2 1 2 2
109     1 1 1 1 2 2 1 1 1 1 1 1 1 1 1 1 1 1 2 2
110     2 1 1 1 1 2 1 1 1 1 2 1 2 1 1 1 2 1 2 2
111     2 1 1 1 1 2 1 1 1 1 2 1 2 1 1 1 2 1 2 2
112     1 1 1 1 2 2 1 1 1 1 1 1 1 1 1 1 1 1 2 2
113     1 1 1 1 2 2 1 1 1 1 1 1 1 1 1 1 1 1 2 1
114     1 1 1 1 2 2 1 1 1 1 1 1 1 1 1 1 1 1 2 1
115     2 1 1 1 1 2 1 1 1 1 2 1 2 1 1 1 2 1 2 2
116     2 1 1 1 1 2 1 1 1 1 2 1 2 1 1 1 2 1 2 2
117     1 1 1 1 2 2 1 1 1 1 1 1 1 1 1 1 1 1 2 2
118     2 1 1 1 1 2 1 1 1 1 2 1 2 1 1 1 2 1 2 2
119     1 1 1 1 2 2 1 1 1 1 1 1 1 1 1 1 1 1 2 2
120     1 1 1 1 2 2 1 1 1 1 1 1 1 1 1 1 1 1 2 2
121     1 2 1 1 2 1 1 1 1 1 1 2 1 2 1 1 1 2 2 2
122     1 2 1 1 2 1 1 1 1 1 1 2 1 2 1 1 1 2 1 2
123     1 1 1 1 2 2 1 1 1 1 1 1 1 1 1 1 1 1 2 2
124     1 1 1 1 2 2 1 1 1 1 1 1 1 1 1 1 1 1 2 2
125     1 1 1 1 2 2 1 1 1 1 1 1 1 1 1 1 1 1 2 2
126     1 1 1 1 2 2 1 1 1 1 1 1 1 1 1 1 1 1 2 2
127     2 2 1 1 1 1 1 1 1 1 2 2 2 2 1 1 2 2 2 2
128     2 2 1 1 1 1 1 1 1 1 2 2 2 2 1 1 2 2 2 2
129     2 1 1 1 1 2 1 1 1 1 2 1 2 1 1 1 2 1 2 2
130     1 1 1 1 2 2 1 1 1 1 1 1 1 1 1 1 1 1 2 2
131     2 1 1 1 1 2 1 1 1 1 2 1 2 1 1 1 2 1 2 2
132     1 1 1 1 2 2 1 1 1 1 1 1 1 1 1 1 1 1 2 2
133     2 1 1 1 1 2 1 1 1 1 2 1 2 1 1 1 2 1 2 2
134     2 2 1 1 1 1 1 1 1 1 2 2 2 2 1 1 2 2 2 2
135     2 2 1 1 1 1 1 1 1 1 2 2 2 2 1 1 2 2 2 2
136     1 2 1 1 2 1 1 1 1 1 1 2 1 2 1 1 1 2 2 2
137     1 1 1 1 2 2 1 1 1 1 1 1 1 1 1 1 1 1 2 2
138     1 1 1 1 2 2 1 1 1 1 1 1 1 1 1 1 1 1 2 2
139     2 1 1 1 1 2 1 1 1 1 2 1 2 1 1 1 2 1 2 2
140     1 1 1 1 2 2 1 1 1 1 1 1 1 1 1 1 1 1 2 2
141     1 1 1 1 2 2 1 1 1 1 1 1 1 1 1 1 1 1 2 2
142     1 1 1 1 2 2 1 1 1 1 1 1 1 1 1 1 1 1 2 2
143     1 1 1 1 2 2 1 1 1 1 1 1 1 1 1 1 1 1 2 2
144     1 1 1 1 2 2 1 1 1 1 1 1 1 1 1 1 1 1 2 2
145     2 1 1 1 1 2 1 1 1 1 2 1 2 1 1 1 2 1 2 2
146     1 1 1 1 2 2 1 1 1 1 1 1 1 1 1 1 1 1 2 2
147     2 2 1 1 1 1 1 1 1 1 2 2 2 2 1 1 2 2 2 2
148     1 2 1 1 2 1 1 1 1 1 1 2 1 2 1 1 1 2 2 2
149     1 1 1 1 2 2 1 1 1 1 1 1 1 1 1 1 1 1 2 2
150     1 1 1 1 2 2 1 1 1 1 1 1 1 1 1 1 1 1 2 2
151     1 1 1 1 2 2 1 1 1 1 1 1 1 1 1 1 1 1 2 2
152     1 1 1 1 2 2 1 1 1 1 1 1 1 1 1 1 1 1 2 2
153     1 2 1 1 2 1 1 1 1 1 1 2 1 2 1 1 1 2 2 2
154     1 1 1 1 2 2 1 1 1 1 1 1 1 1 1 1 1 1 2 2
155     1 1 1 1 2 2 1 1 1 1 1 1 1 1 1 1 1 1 2 2
156     1 1 1 1 2 2 1 1 1 1 1 1 1 1 1 1 1 1 2 2
157     1 2 1 1 2 1 1 1 1 1 1 2 1 2 1 1 1 2 2 2
158     1 1 1 1 2 2 1 1 1 1 1 1 1 1 1 1 1 1 2 2
159     1 2 1 1 2 1 1 1 1 1 1 2 1 2 1 1 1 2 2 2
160     1 2 1 1 2 1 1 1 1 1 1 2 1 2 1 1 1 2 2 2
161     1 2 1 1 2 1 1 1 1 1 1 2 1 2 1 1 1 2 2 2
162     1 2 1 1 2 1 1 1 1 1 1 2 1 2 1 1 1 2 2 2
163     1 1 1 1 2 2 1 1 1 1 1 1 1 1 1 1 1 1 2 2
164     1 1 1 1 2 2 1 1 1 1 1 1 1 1 1 1 1 1 2 2
165     1 1 1 1 2 2 1 1 1 1 1 1 1 1 1 1 1 1 2 2
166     1 1 1 1 2 2 1 1 1 1 1 1 1 1 1 1 1 1 2 2
167     2 1 1 1 1 2 1 1 1 1 2 1 2 1 1 1 2 1 2 2
168     1 2 1 1 2 1 1 1 1 1 1 2 1 2 1 1 1 2 2 2
169     2 1 1 1 1 2 1 1 1 1 2 1 2 1 1 1 2 1 2 2
170     1 1 1 1 2 2 1 1 1 1 1 1 1 1 1 1 1 1 2 2
171     2 2 1 1 1 1 1 1 1 1 2 2 2 2 1 1 2 2 2 2
172     2 1 1 1 1 2 1 1 1 1 2 1 2 1 1 1 2 1 2 2
173     1 1 1 1 2 2 1 1 1 1 1 1 1 1 1 1 1 1 2 2
174     2 1 1 1 1 2 1 1 1 1 2 1 2 1 1 1 2 1 2 2
175     1 1 1 1 2 2 1 1 1 1 1 1 1 1 1 1 1 1 2 2
176     1 1 1 1 2 2 1 1 1 1 1 1 1 1 1 1 1 1 2 2
177     1 1 1 1 2 2 1 1 1 1 1 1 1 1 1 1 1 1 2 2
178     2 2 1 1 1 1 1 1 1 1 2 2 2 2 1 1 2 2 2 2
179     1 1 1 1 2 2 1 1 1 1 1 1 1 1 1 1 1 1 2 2
180     2 1 1 1 1 2 1 1 1 1 2 1 2 1 1 1 2 1 2 2
181     1 1 1 1 2 2 1 1 1 1 1 1 1 1 1 1 1 1 2 2
182     2 2 1 1 1 1 1 1 1 1 2 2 2 2 1 1 2 2 2 2
183     2 1 1 1 1 2 1 1 1 1 2 1 2 1 1 1 2 1 2 2
184     2 1 1 1 1 2 1 1 1 1 2 1 2 1 1 1 2 1 2 2
185     1 1 1 1 2 2 1 1 1 1 1 1 1 1 1 1 1 1 2 2
186     1 1 1 1 2 2 1 1 1 1 1 1 1 1 1 1 1 1 2 2
187     1 2 1 1 2 1 1 1 1 1 1 2 1 2 1 1 1 2 2 2
188     1 1 1 1 2 2 1 1 1 1 1 1 1 1 1 1 1 1 2 2
189     1 1 1 1 2 2 1 1 1 1 1 1 1 1 1 1 1 1 2 2
190     1 1 1 1 2 2 1 1 1 1 1 1 1 1 1 1 1 1 1 2
191     1 1 1 1 2 2 1 1 1 1 1 1 1 1 1 1 1 1 2 2
192     1 1 1 1 2 2 1 1 1 1 1 1 1 1 1 1 1 1 2 2
193     2 2 1 1 1 1 1 1 1 1 2 2 2 2 1 1 2 2 2 2
194     1 2 1 1 2 1 1 1 1 1 1 2 1 2 1 1 1 2 2 2
195     1 1 1 1 2 2 1 1 1 1 1 1 1 1 1 1 1 1 2 2
196     2 1 1 1 1 2 1 1 1 1 2 1 2 1 1 1 2 1 2 2
197     1 2 1 1 2 1 1 1 1 1 1 2 1 2 1 1 1 2 2 2
198     1 2 1 1 2 1 1 1 1 1 1 2 1 2 1 1 1 2 2 2
199     1 1 1 1 2 2 1 1 1 1 1 1 1 1 1 1 1 1 2 2
200     1 2 1 1 2 1 1 1 1 1 1 2 1 2 1 1 1 2 2 2
201     1 1 1 1 2 2 1 1 1 1 1 1 1 1 1 1 1 1 2 2
202     1 1 1 1 2 2 1 1 1 1 1 1 1 1 1 1 1 1 2 2
203     1 1 1 1 2 2 1 1 1 1 1 1 1 1 1 1 1 1 2 2
204     1 1 1 1 2 2 1 1 1 1 1 1 1 1 1 1 1 1 2 2
205     2 1 1 1 1 2 1 1 1 1 2 1 2 1 1 1 2 1 2 2
206     1 1 1 1 2 2 1 1 1 1 1 1 1 1 1 1 1 1 2 2
207     2 2 1 1 1 1 1 1 1 1 2 2 2 2 1 1 2 2 2 2
208     2 2 1 1 1 1 1 1 1 1 2 2 2 2 1 1 2 2 2 2
209     1 1 1 1 2 2 1 1 1 1 1 1 1 1 1 1 1 1 2 2
210     1 1 1 1 2 2 1 1 1 1 1 1 1 1 1 1 1 1 2 2
211     1 1 1 1 2 2 1 1 1 1 1 1 1 1 1 1 1 1 2 2
212     1 1 1 1 2 2 1 1 1 1 1 1 1 1 1 1 1 1 2 2
213     1 1 1 1 2 2 1 1 1 1 1 1 1 1 1 1 1 1 2 2
214     1 1 1 1 2 2 1 1 1 1 1 1 1 1 1 1 1 1 2 2
215     1 1 1 1 2 2 1 1 1 1 1 1 1 1 1 1 1 1 1 2
216     2 1 1 1 1 2 1 1 1 1 2 1 2 1 1 1 2 1 2 2
217     1 1 1 1 2 2 1 1 1 1 1 1 1 1 1 1 1 1 1 1
218     2 1 1 1 1 2 1 1 1 1 2 1 2 1 1 1 2 1 2 1
219     1 1 1 1 2 2 1 1 1 1 1 1 1 1 1 1 1 1 1 2
220     1 1 1 1 2 2 1 1 1 1 1 1 1 1 1 1 1 1 1 2
221     1 1 1 1 2 2 1 1 1 1 1 1 1 1 1 1 1 1 2 2
222     1 1 1 1 2 2 1 1 1 1 1 1 1 1 1 1 1 1 2 2
223     1 1 1 1 2 2 1 1 1 1 1 1 1 1 1 1 1 1 2 2
224     1 1 1 1 2 2 1 1 1 1 1 1 1 1 1 1 1 1 2 2
225     1 1 1 1 2 2 1 1 1 1 1 1 1 1 1 1 1 1 2 2
226     1 1 1 1 2 2 1 1 1 1 1 1 1 1 1 1 1 1 2 2
227     1 1 1 1 2 2 1 1 1 1 1 1 1 1 1 1 1 1 2 1
228     1 1 1 1 2 2 1 1 1 1 1 1 1 1 1 1 1 1 2 1
229     1 2 1 1 2 1 1 1 1 1 1 2 1 2 1 1 1 2 2 2
230     1 1 1 1 2 2 1 1 1 1 1 1 1 1 1 1 1 1 2 2
231     1 1 1 1 2 2 1 1 1 1 1 1 1 1 1 1 1 1 2 2
232     1 1 1 1 2 2 1 1 1 1 1 1 1 1 1 1 1 1 2 2
233     1 1 1 1 2 2 1 1 1 1 1 1 1 1 1 1 1 1 1 2
234     1 1 1 1 2 2 1 1 1 1 1 1 1 1 1 1 1 1 1 2
235     1 2 1 1 2 1 1 1 1 1 1 2 1 2 1 1 1 2 1 2
236     1 2 1 1 2 1 1 1 1 1 1 2 1 2 1 1 1 2 2 2
237     1 2 1 1 2 1 1 1 1 1 1 2 1 2 1 1 1 2 1 2
238     1 1 1 1 2 2 1 1 1 1 1 1 1 1 1 1 1 1 1 2
239     2 2 1 1 1 1 1 1 1 1 2 2 2 2 1 1 2 2 2 2
240     2 2 1 1 1 1 1 1 1 1 2 2 2 2 1 1 2 2 2 2
241     1 1 1 1 2 2 1 1 1 1 1 1 1 1 1 1 1 1 2 2
242     1 1 1 1 2 2 1 1 1 1 1 1 1 1 1 1 1 1 2 2
243     1 1 1 1 2 2 1 1 1 1 1 1 1 1 1 1 1 1 2 2
244     2 1 1 1 1 2 1 1 1 1 2 1 2 1 1 1 2 1 2 2
245     1 2 1 1 2 1 1 1 1 1 1 2 1 2 1 1 1 2 2 2
246     1 2 1 1 2 1 1 1 1 1 1 2 1 2 1 1 1 2 2 2
247     1 2 1 1 2 1 1 1 1 1 1 2 1 2 1 1 1 2 2 2
248     1 1 1 1 2 2 1 1 1 1 1 1 1 1 1 1 1 1 2 2
249     1 1 1 1 2 2 1 1 1 1 1 1 1 1 1 1 1 1 2 2
250     1 1 1 1 2 2 1 1 1 1 1 1 1 1 1 1 1 1 2 2
251     1 1 1 1 2 2 1 1 1 1 1 1 1 1 1 1 1 1 2 2
252     1 1 1 1 2 2 1 1 1 1 1 1 1 1 1 1 1 1 2 2
253     1 1 1 1 2 2 1 1 1 1 1 1 1 1 1 1 1 1 2 2
254     1 1 1 1 2 2 1 1 1 1 1 1 1 1 1 1 1 1 2 2
255     1 1 1 1 2 2 1 1 1 1 1 1 1 1 1 1 1 1 2 2
256     1 1 1 1 2 2 1 1 1 1 1 1 1 1 1 1 1 1 2 2
257     1 1 1 1 2 2 1 1 1 1 1 1 1 1 1 1 1 1 2 1
258     1 1 1 1 2 2 1 1 1 1 1 1 1 1 1 1 1 1 2 1
259     1 1 1 1 2 2 1 1 1 1 1 1 1 1 1 1 1 1 2 2
260     1 1 1 1 2 2 1 1 1 1 1 1 1 1 1 1 1 1 2 2
261     1 2 1 1 2 1 1 1 1 1 1 2 1 2 1 1 1 2 2 2
262     1 2 1 1 2 1 1 1 1 1 1 2 1 2 1 1 1 2 2 2
263     2 1 1 1 1 2 1 1 1 1 2 1 2 1 1 1 2 1 2 2
264     2 1 1 1 1 2 1 1 1 1 2 1 2 1 1 1 2 1 2 2
265     2 2 1 1 1 1 1 1 1 1 2 2 2 2 1 1 2 2 2 2
266     1 2 1 1 2 1 1 1 1 1 1 2 1 2 1 1 1 2 1 2
267     2 1 1 1 1 2 1 1 1 1 2 1 2 1 1 1 2 1 2 2
268     1 1 1 1 2 2 1 1 1 1 1 1 1 1 1 1 1 1 1 2
269     1 1 1 1 2 2 1 1 1 1 1 1 1 1 1 1 1 1 1 2
270     1 2 1 1 2 1 1 1 1 1 1 2 1 2 1 1 1 2 1 2
271     1 1 1 1 2 2 1 1 1 1 1 1 1 1 1 1 1 1 2 2
272     1 2 1 1 2 1 1 1 1 1 1 2 1 2 1 1 1 2 1 2
273     1 1 1 1 2 2 1 1 1 1 1 1 1 1 1 1 1 1 1 2
274     1 1 1 1 2 2 1 1 1 1 1 1 1 1 1 1 1 1 2 2
275     1 2 1 1 2 1 1 1 1 1 1 2 1 2 1 1 1 2 2 2
276     1 2 1 1 2 1 1 1 1 1 1 2 1 2 1 1 1 2 2 2
277     1 1 1 1 2 2 1 1 1 1 1 1 1 1 1 1 1 1 2 2
278     1 2 1 1 2 1 1 1 1 1 1 2 1 2 1 1 1 2 2 2
279     1 2 1 1 2 1 1 1 1 1 1 2 1 2 1 1 1 2 2 2
280     1 2 1 1 2 1 1 1 1 1 1 2 1 2 1 1 1 2 2 2
281     1 1 1 1 2 2 1 1 1 1 1 1 1 1 1 1 1 1 2 2
282     1 1 1 1 2 2 1 1 1 1 1 1 1 1 1 1 1 1 2 2
283     1 1 1 1 2 2 1 1 1 1 1 1 1 1 1 1 1 1 2 1
284     2 1 1 1 1 2 1 1 1 1 2 1 2 1 1 1 2 1 2 2
285     1 2 1 1 2 1 1 1 1 1 1 2 1 2 1 1 1 2 2 2
286     2 2 1 1 1 1 1 1 1 1 2 2 2 2 1 1 2 2 2 2
287     2 1 1 1 1 2 1 1 1 1 2 1 2 1 1 1 2 1 2 2
288     2 2 1 1 1 1 1 1 1 1 2 2 2 2 1 1 2 2 2 2
289     2 1 1 1 1 2 1 1 1 1 2 1 2 1 1 1 2 1 2 2
290     2 1 1 1 1 2 1 1 1 1 2 1 2 1 1 1 2 1 2 2
291     2 1 1 1 1 2 1 1 1 1 2 1 2 1 1 1 2 1 2 2
292     2 1 1 1 1 2 1 1 1 1 2 1 2 1 1 1 2 1 2 2
293     1 2 1 1 2 1 1 1 1 1 1 2 1 2 1 1 1 2 1 2
294     1 1 1 1 2 2 1 1 1 1 1 1 1 1 1 1 1 1 2 2
295     1 1 1 1 2 2 1 1 1 1 1 1 1 1 1 1 1 1 2 2
296     1 2 1 1 2 1 1 1 1 1 1 2 1 2 1 1 1 2 2 2
297     1 1 1 1 2 2 1 1 1 1 1 1 1 1 1 1 1 1 2 2
298     1 1 1 1 2 2 1 1 1 1 1 1 1 1 1 1 1 1 1 2
299     2 1 1 1 1 2 1 1 1 1 2 1 2 1 1 1 2 1 2 2
300     2 1 1 1 1 2 1 1 1 1 2 1 2 1 1 1 2 1 2 2
301     2 2 1 1 1 1 1 1 1 1 2 2 2 2 1 1 2 2 2 2
302     2 1 1 1 1 2 1 1 1 1 2 1 2 1 1 1 2 1 2 1
303     2 1 1 1 1 2 1 1 1 1 2 1 2 1 1 1 2 1 2 1
304     2 1 1 1 1 2 1 1 1 1 2 1 2 1 1 1 2 1 2 1
305     1 1 1 1 2 2 1 1 1 1 1 1 2 1 1 1 2 1 2 2
306     2 1 1 1 1 2 1 1 1 1 2 1 2 1 1 1 2 1 2 2
307     2 2 1 1 1 1 1 1 1 1 2 2 2 2 1 1 2 2 2 2
308     2 2 1 1 1 1 1 1 1 1 2 2 2 2 1 1 2 2 2 2
309     1 2 1 1 2 1 1 1 1 1 1 2 1 2 1 1 1 2 2 2
310     2 1 1 1 1 2 1 1 1 1 2 1 2 1 1 1 2 1 2 1
311     1 1 1 1 2 2 1 1 1 1 1 1 1 1 1 1 1 1 2 2
312     1 1 1 1 2 2 1 1 1 1 1 1 1 1 1 1 1 1 2 2
313     1 1 1 1 2 2 1 1 1 1 1 1 1 1 1 1 1 1 2 1
314     1 1 1 1 2 2 1 1 1 1 1 1 1 1 1 1 1 1 1 1
315     1 1 1 1 2 2 1 1 1 1 1 1 1 1 1 1 1 1 2 2
316     1 1 1 1 2 2 1 1 1 1 1 1 1 1 1 1 1 1 2 2
317     2 1 1 1 1 2 1 1 1 1 2 1 2 1 1 1 2 1 2 2
318     2 1 1 1 1 2 1 1 1 1 2 1 2 1 1 1 2 1 2 2
319     2 1 1 1 1 2 1 1 1 1 2 1 2 1 1 1 2 1 2 2
320     2 1 1 1 1 2 1 1 1 1 2 1 2 1 1 1 2 1 2 2
321     2 1 1 1 1 2 1 1 1 1 2 1 2 1 1 1 2 1 2 2
322     2 1 1 1 1 2 1 1 1 1 2 1 2 1 1 1 2 1 2 2
323     1 1 1 1 2 2 1 1 1 1 1 1 1 1 1 1 1 1 1 2
324     1 1 1 1 2 2 1 1 1 1 1 1 1 1 1 1 1 1 1 2
325     1 2 1 1 2 1 1 1 1 1 1 2 1 2 1 1 1 2 2 2
326     1 1 1 1 2 2 1 1 1 1 1 1 1 1 1 1 1 1 1 2
327     1 1 1 1 2 2 1 1 1 1 1 1 1 1 1 1 1 1 1 1
328     1 1 1 1 2 2 1 1 1 1 1 1 1 1 1 1 1 1 1 2
329     2 1 1 1 1 2 1 1 1 1 2 1 2 1 1 1 2 1 2 1
330     2 1 1 1 1 2 1 1 1 1 2 1 2 1 1 1 2 1 2 2
331     2 2 1 1 1 1 1 1 1 1 2 2 2 2 1 1 2 2 2 2
332     1 1 1 1 2 2 1 1 1 1 1 1 1 1 1 1 1 1 2 2
333     1 1 1 1 2 2 1 1 1 1 1 1 1 1 1 1 1 1 2 2
334     2 1 1 1 1 2 1 1 1 1 2 1 2 1 1 1 2 1 2 2
335     1 1 1 1 2 2 1 1 1 1 1 1 1 1 1 1 1 1 2 2
336     1 1 1 1 2 2 1 1 1 1 1 1 1 1 1 1 1 1 2 2
337     1 1 1 1 2 2 1 1 1 1 1 1 1 1 1 1 1 1 2 2
338     1 1 1 1 2 2 1 1 1 1 1 1 1 1 1 1 1 1 2 2
339     1 1 1 1 2 2 1 1 1 1 1 1 1 1 1 1 1 1 2 2
340     1 1 1 1 2 2 1 1 1 1 1 1 1 1 1 1 1 1 2 2
