Progeny Sire    Dam     Sex  G   NMPrg NFPrg F        Homo     Phen      Res       Polygene  QTL      
6021    5749    5475    F   8    1     1     0.021790 0.633333 +0.815018 +0.456086 +0.000000 +0.358932
6022    5749    5475    M   8    0     0     0.021790 0.566667 +0.375318 +0.644524 +0.000000 -0.269207
6023    5749    5430    M   8    0     0     0.017700 0.466667 +0.493699 -0.187816 +0.000000 +0.681515
6024    5749    5430    M   8    0     0     0.017700 0.400000 -1.386377 -1.472704 +0.000000 +0.086326
6025    5749    5817    F   8    1     1     0.044037 0.500000 +0.324597 +0.110395 +0.000000 +0.214202
6026    5749    5817    M   8    0     0     0.044037 0.566667 -0.042817 -0.292700 +0.000000 +0.249884
6027    5749    5859    M   8    0     0     0.030731 0.566667 +1.538806 +1.646416 +0.000000 -0.107610
6028    5749    5859    F   8    1     1     0.030731 0.566667 +0.667108 +0.752448 +0.000000 -0.085341
6029    5749    5297    F   8    2     0     0.061462 0.666667 +0.658623 +0.472200 +0.000000 +0.186423
6030    5749    5297    M   8    0     0     0.061462 0.600000 -0.832270 -0.628203 +0.000000 -0.204067
6031    5749    5431    M   8    0     0     0.025085 0.400000 -0.963529 -0.808384 +0.000000 -0.155144
6032    5749    5431    M   8    0     0     0.025085 0.366667 -0.925993 -0.787079 +0.000000 -0.138914
6033    5749    5894    M   8    0     0     0.022552 0.500000 -0.906492 -1.455785 +0.000000 +0.549293
6034    5749    5894    M   8    0     0     0.022552 0.533333 +0.294205 +0.114843 +0.000000 +0.179362
6035    5749    5946    M   8    0     0     0.042206 0.566667 -0.101952 -0.128083 +0.000000 +0.026131
6036    5749    5946    F   8    1     1     0.042206 0.566667 +1.532021 +0.958529 +0.000000 +0.573493
6037    5749    5572    F   8    1     1     0.028961 0.566667 +0.030007 +0.252406 +0.000000 -0.222400
6038    5749    5572    F   8    1     1     0.028961 0.433333 +0.171128 -0.009261 +0.000000 +0.180388
6039    5749    5504    F   8    2     0     0.033325 0.700000 +0.137112 +0.370614 +0.000000 -0.233501
6040    5749    5504    F   8    1     1     0.033325 0.600000 +0.717800 +0.262014 +0.000000 +0.455786
6041    5749    5257    M   8    0     0     0.035614 0.466667 +1.233289 +1.206035 +0.000000 +0.027253
6042    5749    5257    F   8    2     0     0.035614 0.333333 +0.083107 +0.395293 +0.000000 -0.312186
6043    5749    5222    F   8    2     0     0.038239 0.533333 -0.728336 -0.938627 +0.000000 +0.210291
6044    5749    5222    F   8    1     1     0.038239 0.600000 +0.900547 +0.290170 +0.000000 +0.610377
6045    5749    5898    M   8    0     0     0.019623 0.666667 +2.375664 +2.148497 +0.000000 +0.227168
6046    5749    5898    M   8    0     0     0.019623 0.733333 -0.138430 -0.669418 +0.000000 +0.530988
6047    5749    5225    F   8    2     0     0.032471 0.500000 -0.495271 -0.298977 +0.000000 -0.196294
6048    5749    5225    F   8    1     1     0.032471 0.300000 +0.665499 +0.900389 +0.000000 -0.234889
6049    5749    5546    F   8    1     1     0.030151 0.533333 +0.212916 -0.370613 +0.000000 +0.583528
6050    5749    5546    F   8    1     1     0.030151 0.600000 +0.255286 -0.129237 +0.000000 +0.384524
6051    5749    5703    F   8    0     2     0.019196 0.566667 +2.005074 +0.874251 +0.000000 +1.130824
6052    5749    5703    M   8    0     0     0.019196 0.466667 +0.525396 -0.162634 +0.000000 +0.688029
6053    5749    5712    M   8    0     0     0.021667 0.600000 +0.064038 -0.478898 +0.000000 +0.542936
6054    5749    5712    M   8    0     0     0.021667 0.433333 -0.142843 -0.677293 +0.000000 +0.534450
6055    5749    5640    F   8    0     2     0.046387 0.466667 -0.686978 -1.204333 +0.000000 +0.517355
6056    5749    5640    F   8    1     1     0.046387 0.466667 +0.915057 +0.675556 +0.000000 +0.239500
6057    5749    6000    F   8    1     1     0.041870 0.600000 +0.007007 -0.306760 +0.000000 +0.313768
6058    5749    6000    F   8    2     0     0.041870 0.600000 -0.990479 -1.206931 +0.000000 +0.216452
6059    5749    5857    F   8    0     2     0.019653 0.566667 +0.112475 -0.385641 +0.000000 +0.498116
6060    5749    5857    M   8    20    20    0.019653 0.466667 -0.170075 -0.326302 +0.000000 +0.156227
6061    5680    5596    M   8    0     0     0.030060 0.733333 +0.503543 +0.679837 +0.000000 -0.176294
6062    5680    5596    F   8    1     1     0.030060 0.566667 +0.815272 +0.050861 +0.000000 +0.764410
6063    5680    5246    F   8    0     2     0.031799 0.566667 +0.861968 +1.119842 +0.000000 -0.257874
6064    5680    5246    M   8    0     0     0.031799 0.500000 +0.727921 +1.033884 +0.000000 -0.305963
6065    5680    5434    F   8    1     1     0.030304 0.566667 +1.142463 +1.113838 +0.000000 +0.028625
6066    5680    5434    F   8    1     1     0.030304 0.533333 -0.139254 -0.511248 +0.000000 +0.371994
6067    5680    5847    F   8    1     1     0.028473 0.433333 +1.334209 +0.289278 +0.000000 +1.044931
6068    5680    5847    M   8    22    18    0.028473 0.400000 -0.096641 -0.327609 +0.000000 +0.230968
6069    5680    5689    M   8    0     0     0.174377 0.833333 +1.037309 +0.396017 +0.000000 +0.641293
6070    5680    5689    F   8    1     1     0.174377 0.600000 +0.840763 +0.520999 +0.000000 +0.319764
6071    5680    5288    M   8    0     0     0.021484 0.633333 +1.344672 +1.638082 +0.000000 -0.293410
6072    5680    5288    M   8    0     0     0.021484 0.466667 +0.015064 +0.003651 +0.000000 +0.011413
6073    5680    5532    M   8    0     0     0.043762 0.500000 -0.061680 -0.136642 +0.000000 +0.074961
6074    5680    5532    M   8    0     0     0.043762 0.500000 +0.835980 +0.312225 +0.000000 +0.523755
6075    5680    5625    F   8    0     2     0.027740 0.500000 -0.315588 -0.580609 +0.000000 +0.265021
6076    5680    5625    F   8    2     0     0.027740 0.633333 +1.287735 +0.717353 +0.000000 +0.570382
6077    5680    5366    M   8    0     0     0.017273 0.400000 -0.305996 -0.264016 +0.000000 -0.041981
6078    5680    5366    M   8    0     0     0.017273 0.533333 +1.454464 +1.059853 +0.000000 +0.394612
6079    5680    5381    M   8    0     0     0.035461 0.566667 +0.373717 -0.029129 +0.000000 +0.402846
6080    5680    5381    M   8    0     0     0.035461 0.500000 -0.971200 -1.098681 +0.000000 +0.127482
6081    5680    6002    F   8    1     1     0.020996 0.600000 -1.608679 -1.214870 +0.000000 -0.393810
6082    5680    6002    M   8    0     0     0.020996 0.433333 +0.817681 +0.983886 +0.000000 -0.166206
6083    5680    5669    F   8    2     0     0.178162 0.533333 +0.625588 +0.320516 +0.000000 +0.305072
6084    5680    5669    F   8    2     0     0.178162 0.700000 -0.836125 -1.064552 +0.000000 +0.228426
6085    5680    5617    F   8    1     1     0.024078 0.400000 +1.533904 +0.824895 +0.000000 +0.709008
6086    5680    5617    M   8    0     0     0.024078 0.466667 -0.941699 -1.603857 +0.000000 +0.662158
6087    5680    5264    M   8    0     0     0.035065 0.466667 +0.793932 +0.806716 +0.000000 -0.012784
6088    5680    5264    F   8    1     1     0.035065 0.433333 +3.001921 +2.276884 +0.000000 +0.725036
6089    5680    5727    F   8    1     1     0.029388 0.466667 +1.015758 +0.554608 +0.000000 +0.461150
6090    5680    5727    M   8    0     0     0.029388 0.433333 -0.117001 -0.658948 +0.000000 +0.541947
6091    5680    5991    F   8    2     0     0.030243 0.433333 +0.569908 +0.212250 +0.000000 +0.357658
6092    5680    5991    F   8    0     2     0.030243 0.533333 +0.100575 -0.238195 +0.000000 +0.338770
6093    5680    5708    M   8    0     0     0.025360 0.400000 +1.535855 +0.388496 +0.000000 +1.147359
6094    5680    5708    M   8    0     0     0.025360 0.466667 -0.196436 -0.784464 +0.000000 +0.588028
6095    5680    5810    M   8    0     0     0.023315 0.433333 +0.084440 -0.228243 +0.000000 +0.312683
6096    5680    5810    F   8    1     1     0.023315 0.466667 -0.047433 -0.561018 +0.000000 +0.513585
6097    5680    5655    M   8    0     0     0.026794 0.466667 +0.411921 +0.376153 +0.000000 +0.035767
