ID      Genotypes (paternal allele, maternal allele) ...
1       1 1 2 3 2 2 4 2 1 2 1 2 1 3 2 2 2 1 1 1 2 4 2 1 2 1 1 1 1 1 3 1 1 1 3 3 2 1 1 2 1 2 4 1 2 1 2 2 3 2 2 1 1 1 1 1 1 4 2 1 4 1 1 2 3 2 1 1 2 1 1 2 3 3 2 2 3 3 2 2 2 2 2 2 2 1 2 2 2 2 2 1 2 2 2 2 3 2 2 2 2 2 1 1 2 1 4 3 4 2 1 2 1 1 1 2 2 1 2 1
2       1 2 3 3 1 1 3 2 2 2 2 1 2 3 1 1 2 1 1 1 4 2 1 2 2 2 3 1 2 2 1 3 1 2 2 4 1 1 2 2 1 2 2 2 2 2 1 1 1 1 1 2 4 3 1 1 3 1 2 1 2 4 1 1 1 4 2 2 4 3 1 1 3 3 1 2 1 1 1 1 1 2 1 1 2 2 2 2 1 2 2 2 2 1 3 2 2 4 2 2 1 2 4 1 1 2 3 1 1 2 2 1 1 3 2 1 4 4 1 1
3       2 1 1 1 2 2 1 2 3 3 1 1 2 2 1 2 1 2 1 1 1 2 2 1 1 2 4 4 1 2 2 4 1 2 4 3 1 1 2 1 1 1 4 2 2 1 1 2 1 2 2 1 3 1 1 1 1 2 1 2 1 1 2 1 2 2 1 2 3 4 2 1 4 2 2 1 1 3 1 1 2 2 1 1 1 2 2 2 2 2 2 2 1 1 3 2 2 1 2 2 2 2 1 1 1 2 3 1 1 2 2 2 4 1 1 2 1 2 1 1
4       1 2 1 1 1 1 2 4 1 1 2 2 2 3 2 1 1 1 2 4 1 3 2 2 1 2 4 4 2 1 1 4 2 1 3 4 1 1 3 1 1 2 1 1 1 2 2 1 2 2 2 2 3 3 1 1 1 1 1 2 4 3 1 1 1 1 1 1 1 3 2 1 4 4 2 2 3 1 1 2 1 2 2 2 3 4 2 2 2 2 1 1 1 1 3 2 2 3 2 2 1 2 4 1 2 1 1 3 1 3 1 2 2 3 1 2 1 4 1 1
5       2 2 3 2 1 1 2 4 3 1 1 2 2 3 2 1 1 2 1 1 3 4 2 2 2 2 4 4 2 1 2 1 2 1 3 2 1 2 2 1 2 1 1 4 2 2 2 2 1 2 1 1 1 1 1 1 4 4 1 1 1 1 1 1 3 1 2 1 2 1 2 2 1 3 1 1 2 1 1 1 2 1 1 1 4 4 2 1 2 2 1 2 1 2 3 2 3 2 1 2 2 2 4 4 2 1 3 1 1 2 1 2 1 1 1 1 2 2 2 1
6       1 2 3 2 1 1 2 4 1 1 1 2 2 3 2 1 2 2 1 1 3 2 2 1 2 2 4 4 1 1 2 1 1 1 2 1 1 1 3 2 1 2 1 1 2 1 2 1 2 1 1 1 4 3 1 1 2 3 1 1 4 2 2 1 3 1 1 2 4 3 2 2 1 1 2 2 2 1 1 1 2 2 2 1 2 4 1 1 2 2 2 1 1 2 2 2 3 3 2 2 2 2 1 1 2 1 3 3 1 2 1 1 1 1 1 2 1 4 2 1
7       1 1 3 1 1 2 4 2 3 3 1 2 3 3 2 2 2 2 1 1 3 3 2 2 2 2 3 4 2 1 2 1 1 1 4 3 1 1 2 2 1 1 1 3 1 1 1 1 2 1 1 1 4 4 1 1 1 4 1 1 1 2 2 2 1 4 1 1 4 2 2 2 3 3 2 1 1 1 1 1 2 2 1 1 2 2 1 2 1 2 2 2 1 1 3 2 1 2 1 2 2 2 2 1 2 1 3 3 1 3 2 1 1 4 1 2 1 2 2 2
8       1 2 1 3 2 1 2 3 2 3 2 1 2 1 2 1 1 2 2 2 2 1 1 2 1 2 4 1 1 2 1 1 1 1 2 3 1 2 1 2 1 2 2 1 2 1 1 2 1 3 1 2 4 2 1 1 1 1 1 1 4 1 1 1 4 3 1 1 2 4 1 1 1 3 1 2 1 1 1 2 2 2 2 1 2 4 1 1 2 2 2 2 1 1 2 3 2 1 1 1 2 2 4 1 2 2 1 3 1 1 1 2 3 4 1 2 4 4 1 2
9       2 1 1 1 1 1 2 4 2 2 2 1 1 2 2 2 2 1 4 1 1 2 2 2 1 1 1 1 1 2 3 1 1 2 2 3 1 1 3 2 2 1 1 2 2 1 1 2 2 2 2 1 1 1 1 1 1 1 1 1 4 1 1 2 4 2 2 1 1 2 2 1 4 4 1 1 1 1 1 2 2 2 2 2 1 3 2 1 2 2 1 2 1 1 3 3 2 2 2 2 2 2 4 3 2 2 1 1 1 1 1 2 2 1 1 2 4 4 1 1
10      2 2 3 1 2 1 2 3 1 1 1 1 1 3 2 2 2 2 1 1 1 3 1 2 2 2 4 4 1 2 3 3 1 2 4 3 1 1 2 3 2 1 1 3 2 1 1 1 1 1 1 2 1 1 1 1 4 2 1 1 1 4 1 1 4 4 1 1 2 1 1 2 3 2 2 2 1 3 2 1 2 2 1 2 3 2 2 2 2 1 2 2 1 1 2 3 2 1 2 2 2 1 1 1 2 2 3 2 2 2 1 2 1 3 1 2 2 2 1 1
11      1 2 1 1 2 1 2 2 1 3 2 2 3 2 1 2 2 1 1 1 1 4 2 2 2 2 4 1 1 2 1 4 1 2 4 3 2 1 2 2 1 1 1 4 2 1 1 1 2 2 2 2 1 3 1 1 2 2 1 1 3 3 2 2 3 4 1 1 2 2 2 1 4 3 2 2 1 2 2 1 2 2 1 2 2 2 2 1 1 2 1 2 1 1 3 2 3 2 2 1 2 2 3 1 2 2 1 1 1 1 1 1 2 1 1 2 1 2 1 1
12      1 2 3 1 1 1 2 4 3 2 1 2 2 2 1 2 1 1 1 1 2 1 2 2 1 1 4 4 1 2 2 4 1 1 2 4 1 1 2 1 2 2 2 1 1 1 2 2 3 1 1 1 3 1 2 1 1 2 1 1 1 4 2 1 3 1 1 2 2 1 1 1 3 3 2 2 2 1 1 1 1 2 3 2 2 3 1 2 1 2 1 2 1 2 2 3 3 1 2 2 2 1 1 2 1 1 2 2 3 1 1 2 2 1 1 2 2 4 2 1
13      1 1 2 1 1 2 4 2 3 1 1 1 1 3 1 2 2 2 1 4 1 4 1 1 2 1 1 4 2 2 4 2 2 1 3 3 1 1 2 2 2 1 2 1 2 1 1 1 2 2 2 1 2 3 1 1 3 2 2 1 3 3 2 2 2 4 1 2 3 1 1 1 4 3 2 1 3 2 1 1 2 2 1 2 4 4 2 2 2 2 1 1 2 1 2 2 3 3 2 1 2 2 4 3 2 1 2 3 2 1 2 1 1 3 2 2 3 1 1 2
14      2 2 1 3 1 1 2 4 1 1 1 1 3 2 1 1 1 2 1 1 3 1 2 2 1 2 1 1 2 2 1 1 1 2 3 3 2 1 2 2 2 2 2 4 2 1 2 1 3 2 1 2 3 3 2 1 3 2 2 2 1 1 2 2 2 3 1 1 2 1 1 2 3 3 2 2 3 2 1 2 2 2 1 1 2 3 1 2 2 1 1 2 2 2 2 2 3 2 2 1 2 2 4 2 2 1 3 3 2 2 2 2 2 2 1 2 2 4 1 1
15      1 2 1 1 1 1 4 2 3 1 2 1 3 1 1 2 2 2 1 3 1 1 1 1 2 2 4 4 1 1 4 3 1 1 1 3 2 2 3 2 2 1 1 1 2 1 1 1 4 4 1 2 4 3 1 1 2 1 1 1 1 4 1 1 1 2 1 1 3 3 1 2 1 3 2 2 3 1 1 1 2 2 1 2 2 3 2 2 2 2 1 1 1 1 3 3 1 2 1 2 2 2 4 3 2 1 3 4 3 2 2 1 3 4 2 1 1 2 1 2
16      2 2 3 3 1 2 2 2 3 2 2 2 1 3 1 2 2 2 3 1 3 3 2 2 2 2 4 4 1 1 2 3 1 1 4 2 2 1 2 2 1 1 1 2 1 1 1 2 3 4 1 2 4 1 1 1 4 1 2 1 4 4 1 2 2 1 1 1 1 1 1 2 4 1 2 2 1 3 1 1 2 2 2 1 4 1 1 2 1 2 1 1 1 1 2 2 3 2 2 1 2 1 3 2 1 2 1 3 2 1 1 2 2 2 2 1 4 1 1 2
17      2 2 1 3 1 2 4 2 1 3 1 1 3 3 1 2 2 2 3 1 1 1 2 1 2 1 4 1 1 2 4 4 2 2 3 3 1 1 2 2 2 2 1 1 2 2 1 1 4 1 1 1 1 1 1 1 2 2 2 2 1 1 1 1 1 2 1 1 2 1 2 1 3 1 1 2 3 1 1 1 2 2 2 1 1 1 2 1 1 1 2 2 1 1 3 2 2 1 2 2 2 2 1 4 2 2 3 4 3 3 2 1 2 4 2 1 1 4 2 1
18      2 2 3 1 1 2 4 2 1 2 2 1 1 2 1 2 1 2 4 1 1 4 2 1 1 1 3 1 1 1 3 2 1 1 3 3 2 1 2 2 2 1 2 2 1 2 2 1 1 2 2 2 4 4 1 2 2 4 2 1 1 4 1 1 3 2 2 1 4 4 2 1 3 2 2 2 1 1 2 1 2 2 1 3 4 2 1 2 2 2 1 1 2 2 2 3 3 2 2 1 1 2 1 1 2 1 3 4 1 1 2 2 4 4 2 1 1 3 2 2
19      1 1 2 1 1 2 2 2 3 2 2 2 3 2 2 1 1 2 1 4 3 1 2 1 2 2 1 1 2 1 1 3 2 2 3 3 1 1 2 2 2 2 4 4 2 1 2 1 1 3 1 2 3 1 1 1 1 1 2 2 1 1 1 1 2 3 1 1 4 1 1 2 3 2 2 2 3 3 2 1 2 2 2 2 4 1 1 2 2 1 2 1 1 2 2 2 1 3 2 2 1 2 1 1 2 1 3 4 1 1 1 2 4 3 1 2 1 2 1 1
20      2 2 3 3 2 1 4 4 1 1 2 1 2 2 2 2 1 2 4 4 2 1 2 2 1 1 1 1 2 2 1 1 1 1 4 4 1 1 2 2 2 1 3 1 2 2 1 1 1 3 2 2 3 3 1 1 4 2 1 1 2 3 2 2 4 2 2 2 2 1 1 1 4 2 2 1 3 1 1 1 2 1 2 2 3 2 2 2 2 1 2 2 1 2 2 3 2 3 2 2 2 2 3 1 2 1 2 3 4 4 2 2 1 3 1 1 4 4 1 2
21      2 1 2 2 1 2 2 2 3 2 1 2 3 3 1 2 2 2 1 4 3 3 2 2 2 2 4 1 2 2 2 1 1 2 2 3 1 1 1 2 1 2 4 4 2 2 2 2 1 3 1 2 1 3 1 1 4 1 1 2 1 1 1 1 1 2 2 1 2 4 2 1 1 3 1 2 1 3 1 1 2 2 1 2 4 1 1 2 2 2 1 2 1 2 3 2 3 1 1 2 2 1 4 1 2 2 3 3 1 1 1 2 1 4 1 1 2 1 1 1
22      2 1 3 1 1 2 4 2 3 2 1 2 2 3 2 2 1 2 1 4 3 1 2 1 2 2 4 1 2 1 2 3 1 2 2 3 1 1 2 2 1 2 1 4 2 2 2 2 1 1 1 1 1 3 1 1 4 1 1 2 1 1 1 1 3 3 1 1 1 1 2 2 1 3 1 2 2 3 1 1 1 2 1 2 4 1 2 2 2 2 2 2 2 1 2 2 2 1 2 2 2 1 4 1 1 2 1 3 2 1 2 2 1 3 1 2 2 2 2 1
23      1 2 1 3 1 2 4 4 1 1 2 2 3 2 1 2 1 1 4 4 3 1 2 2 1 1 4 1 1 2 4 1 2 1 3 4 1 1 3 2 1 2 1 3 2 2 1 1 2 1 2 2 3 3 1 1 1 2 2 1 3 3 1 2 1 2 1 2 3 1 1 1 4 4 2 2 1 3 2 1 2 1 2 2 3 3 2 2 2 1 1 2 1 2 3 3 2 3 2 2 1 2 4 3 1 2 3 3 1 4 2 2 2 1 1 1 1 4 1 2
24      1 2 1 3 1 1 2 4 1 1 2 1 3 2 1 2 1 1 4 4 1 2 2 2 1 1 4 1 1 2 4 1 1 1 4 4 1 1 3 2 1 2 1 3 2 2 1 1 2 3 2 2 3 3 1 1 1 2 1 1 3 3 1 2 1 2 1 2 3 1 1 1 4 2 2 1 1 1 2 1 1 1 2 2 3 3 2 2 2 1 1 2 1 1 2 2 3 2 2 2 2 2 1 3 2 1 1 3 3 4 2 2 2 1 1 1 1 4 1 2
25      1 1 1 1 1 1 3 4 3 3 1 2 1 1 1 2 1 2 2 1 2 1 1 1 2 2 1 4 2 1 1 4 1 1 2 3 1 2 1 3 2 2 1 1 2 2 2 1 3 4 2 2 2 3 1 1 1 1 1 1 1 4 1 1 3 1 1 1 4 3 1 2 3 3 2 2 1 1 2 1 2 2 1 2 2 2 1 2 2 2 2 1 1 1 3 3 2 1 1 2 2 2 4 4 2 2 3 3 1 3 2 2 4 4 2 2 4 2 2 2
26      1 2 3 1 1 1 3 4 3 1 1 1 2 1 2 2 2 2 2 3 2 1 1 1 1 2 4 4 1 1 1 3 1 1 3 1 1 2 2 2 1 2 2 1 1 1 2 1 3 4 2 2 2 3 1 1 1 2 1 1 1 4 1 1 3 1 1 1 4 3 1 1 3 3 2 2 1 1 1 1 2 2 1 1 2 2 1 2 2 2 2 1 1 1 2 3 2 2 1 2 2 2 4 3 2 1 1 4 1 3 2 2 3 3 1 2 4 2 2 2
27      1 1 3 3 2 1 2 4 3 2 1 2 3 2 2 2 2 1 1 1 3 2 2 2 2 1 4 4 1 1 1 2 1 1 4 4 1 1 2 2 1 2 3 1 1 1 1 2 1 1 1 1 4 3 1 2 1 2 1 1 1 4 2 1 1 1 1 2 2 1 2 1 3 3 1 2 1 2 1 1 2 1 1 3 2 2 2 1 1 1 2 1 1 2 2 3 1 1 2 2 2 1 1 2 1 1 3 2 3 1 1 2 4 1 2 2 1 4 2 1
28      1 2 3 1 2 1 2 4 3 2 1 2 3 2 2 1 2 1 1 1 3 2 2 2 2 1 3 4 1 1 1 2 1 1 4 2 1 1 2 1 1 2 1 2 1 1 1 2 2 1 1 1 4 1 1 1 1 2 1 1 2 4 2 1 1 1 1 2 2 2 2 1 3 3 2 2 1 2 1 1 2 1 1 3 2 3 1 2 1 1 2 1 1 1 2 3 2 1 2 2 2 2 1 1 1 1 3 2 1 3 2 1 4 1 2 1 1 2 2 2
29      2 2 1 3 1 1 3 2 1 1 1 1 1 3 2 1 2 2 1 1 3 3 2 2 2 2 4 1 1 2 3 1 1 1 4 3 1 1 3 2 2 2 1 2 1 1 1 1 1 2 1 2 1 3 1 1 2 2 1 2 1 1 1 2 4 2 1 1 1 2 2 1 2 3 2 2 3 3 1 1 2 2 2 1 2 3 2 2 2 2 2 1 1 2 2 2 1 2 2 2 2 2 1 4 2 2 3 3 2 2 1 2 3 2 2 1 2 4 1 1
30      2 2 3 3 2 1 2 2 1 1 1 1 3 3 2 1 2 2 1 1 3 3 2 2 2 2 4 1 1 2 3 1 1 1 4 3 1 2 3 2 2 2 1 2 2 1 1 2 1 3 2 1 1 3 1 2 4 3 1 2 1 1 1 2 4 3 1 1 1 2 2 1 2 3 2 2 1 2 1 2 2 2 2 1 2 2 2 1 1 2 2 1 1 2 2 2 2 2 2 1 1 2 1 4 2 1 2 3 2 2 2 2 3 2 1 2 2 2 1 1
31      1 2 2 1 2 2 2 2 1 3 1 1 1 3 2 2 2 2 1 1 4 1 1 2 1 2 1 4 1 2 3 4 1 2 3 3 2 1 1 2 1 2 4 1 2 2 2 1 3 1 2 1 1 1 1 1 4 2 1 2 1 1 2 1 2 2 1 1 2 2 1 2 3 1 2 2 3 3 2 1 2 2 2 2 1 1 2 1 2 1 2 2 2 1 2 3 2 1 2 2 2 2 1 1 2 2 4 4 4 3 1 2 1 2 2 2 1 1 1 2
32      1 2 3 1 2 2 2 2 2 1 2 1 1 3 2 2 1 2 1 1 2 1 2 2 2 1 1 1 1 1 1 4 1 2 3 3 1 1 1 2 1 2 4 1 1 2 2 1 3 4 2 1 1 1 1 1 1 2 2 2 1 1 2 1 3 1 1 1 1 1 2 1 3 3 2 1 3 3 2 1 2 2 2 2 1 1 2 1 2 1 1 2 2 1 2 3 3 2 2 2 2 2 1 1 1 2 3 3 4 3 1 1 1 2 1 1 2 1 2 2
33      2 2 1 3 1 2 2 2 2 2 2 2 2 1 2 1 2 2 4 3 1 3 2 2 1 2 1 4 1 1 3 3 1 1 2 2 1 2 2 2 2 1 1 1 1 1 2 1 2 4 2 2 1 4 1 1 1 1 1 1 1 4 2 2 2 1 1 1 2 1 2 2 4 4 1 2 1 1 2 1 2 2 2 2 3 1 1 2 2 1 2 1 1 1 3 2 2 3 2 2 2 1 4 2 2 1 1 1 1 2 1 1 2 2 1 2 4 4 1 1
34      1 2 1 3 1 1 4 2 2 2 1 2 1 3 2 2 1 2 1 3 1 3 2 2 1 2 1 4 2 1 1 2 1 1 2 2 1 1 2 2 1 1 2 2 2 1 1 1 2 3 1 1 1 4 1 1 1 4 1 2 4 4 1 2 4 1 2 1 2 1 1 2 4 4 1 2 1 1 2 1 2 2 2 1 1 4 2 1 2 2 1 1 1 1 3 2 2 2 2 2 2 1 3 2 2 2 1 3 1 2 2 2 1 2 2 2 4 1 1 2
35      2 1 1 2 2 2 2 2 3 1 1 1 2 3 1 2 2 2 1 1 2 1 1 1 1 1 4 4 2 2 4 4 2 1 3 3 1 1 2 2 1 2 4 1 1 2 1 1 2 2 1 2 1 2 1 1 1 3 1 2 1 3 1 2 2 4 2 2 3 3 2 1 4 3 2 1 1 2 1 1 2 2 1 2 1 4 2 2 2 2 2 1 1 2 2 2 2 3 2 1 2 2 1 3 1 1 1 3 2 1 2 2 1 3 2 2 2 3 1 1
36      2 1 1 2 2 1 1 4 3 1 1 1 2 3 2 2 2 2 1 4 1 4 2 1 2 1 4 4 1 2 2 4 2 1 3 3 1 1 1 2 1 2 2 2 2 2 1 1 2 2 1 2 1 3 1 1 1 2 1 1 1 3 1 2 2 4 1 2 3 3 2 1 4 3 2 1 1 3 1 1 2 2 1 2 1 4 2 2 2 2 2 1 1 1 3 2 2 3 2 2 2 2 1 3 2 2 1 2 1 1 2 1 1 1 2 2 2 3 1 1
37      1 2 3 1 1 1 2 4 2 1 2 2 3 1 1 1 1 2 1 1 2 1 2 1 2 1 1 1 2 1 3 2 1 1 2 3 1 1 2 2 2 1 2 2 2 1 1 2 1 1 2 2 4 4 1 2 1 2 1 1 4 4 1 1 4 2 2 1 3 4 1 2 3 2 2 2 1 1 1 1 1 2 1 1 2 4 2 1 1 2 2 1 1 2 2 3 2 3 2 1 2 1 1 1 1 2 3 3 2 1 1 2 3 4 2 2 4 1 1 2
38      1 2 3 1 1 2 2 2 2 2 2 1 2 1 1 1 2 1 1 4 4 4 1 1 2 1 1 1 2 1 1 3 1 1 2 3 1 2 2 2 2 2 2 2 2 1 1 2 1 2 2 2 3 4 1 1 1 4 1 1 2 4 1 1 1 2 2 1 3 4 1 1 3 2 1 2 1 1 1 1 1 2 1 3 2 2 2 2 2 2 2 1 1 2 2 2 4 3 2 1 2 1 4 1 1 2 3 3 2 1 1 2 3 4 1 2 4 3 1 2
39      1 2 2 1 1 1 2 2 1 1 1 2 2 2 2 2 2 1 1 1 2 1 1 2 2 2 4 4 1 1 1 1 1 2 2 3 1 2 3 2 1 1 1 1 2 1 2 1 1 2 1 2 4 3 1 1 3 2 1 1 4 3 2 2 3 3 1 1 4 2 2 1 1 4 2 2 2 1 1 2 2 2 1 1 2 2 1 2 2 1 2 1 2 1 2 2 3 2 2 1 2 2 1 1 1 2 3 1 1 1 1 1 1 1 1 2 4 1 1 1
40      1 2 3 1 1 2 2 2 1 3 1 2 2 2 2 2 2 1 1 1 3 4 1 2 2 2 4 1 1 1 2 1 1 2 2 3 1 1 2 2 1 1 1 1 1 2 1 1 1 2 1 2 4 3 1 1 3 2 1 1 4 3 2 2 1 3 2 1 3 2 2 2 1 3 2 2 1 2 1 2 2 2 2 2 2 2 1 2 2 1 2 1 2 1 2 3 3 2 2 2 2 2 1 3 2 2 3 1 2 1 1 1 1 1 1 2 1 2 2 1
41      2 2 3 2 1 1 2 4 2 3 1 1 1 3 2 2 2 2 3 4 3 1 2 2 1 1 1 4 2 2 1 4 1 1 2 3 1 1 2 2 1 1 2 2 2 2 1 1 2 2 1 2 1 3 1 1 4 1 1 1 4 1 2 1 4 2 2 1 1 3 2 2 4 3 1 2 1 1 1 1 2 2 1 1 4 4 1 2 2 2 1 1 1 1 2 3 2 3 2 2 1 2 2 3 2 2 3 1 1 1 2 1 2 1 2 2 4 3 1 1
42      2 2 3 1 1 1 4 4 2 3 2 1 3 2 2 2 2 2 3 4 3 4 2 1 2 1 4 4 1 1 2 2 1 2 2 3 1 1 2 1 1 1 2 2 2 2 1 1 3 2 1 1 4 3 1 1 1 1 1 1 4 3 2 2 4 4 1 2 2 3 1 1 4 3 2 1 1 3 2 1 2 2 1 1 4 1 1 2 2 2 1 1 1 1 2 2 2 3 2 2 1 2 2 3 2 2 1 2 2 1 2 2 2 1 2 2 1 3 2 1
43      2 2 1 3 1 1 2 4 2 2 2 2 2 3 2 2 2 1 4 1 1 3 2 2 1 2 1 4 1 1 3 3 1 2 2 3 1 1 2 2 2 1 1 1 1 2 1 2 4 1 2 1 4 1 1 1 1 1 1 2 4 1 2 1 1 3 1 1 2 1 2 2 4 3 1 2 1 3 1 1 2 1 2 1 1 4 1 2 2 2 2 2 1 2 2 2 2 1 2 2 1 2 2 4 2 1 1 1 1 1 1 2 2 3 1 2 4 2 1 2
44      2 1 3 1 1 1 2 4 2 3 2 1 2 2 2 2 2 1 3 4 3 1 2 1 2 2 4 4 1 2 3 2 1 2 2 3 2 1 2 2 1 1 1 1 1 2 2 2 4 1 2 1 4 3 1 1 1 1 1 2 4 1 2 1 2 3 1 1 1 1 2 2 4 3 2 2 1 3 1 1 2 2 2 2 3 4 1 2 2 2 2 2 1 1 3 2 3 2 2 2 2 1 2 1 1 1 1 3 1 2 1 2 2 1 1 1 4 2 1 2
45      2 1 3 1 2 1 4 4 1 3 2 2 3 1 1 1 1 2 4 1 3 2 2 1 1 2 4 4 1 2 4 1 2 1 3 2 1 1 2 1 1 2 1 1 2 2 1 2 1 4 2 2 3 2 1 1 1 1 1 1 3 4 2 1 2 1 2 1 1 4 1 1 4 3 2 2 3 1 1 1 2 2 2 2 3 2 2 2 1 2 2 1 2 1 3 3 2 2 2 1 2 2 3 4 1 2 3 3 4 1 2 2 2 4 1 2 4 4 2 2
46      2 1 3 1 1 1 4 3 1 3 2 2 2 1 2 2 1 1 4 2 1 1 2 1 1 2 1 4 1 2 4 1 1 1 4 3 1 2 3 3 2 2 3 1 2 2 1 2 1 3 2 2 3 2 1 1 1 1 2 1 3 1 1 1 2 3 2 1 1 4 1 1 4 3 2 2 3 1 1 1 1 2 2 1 3 2 2 1 1 2 2 2 1 1 3 3 3 1 2 1 1 2 4 4 1 2 3 3 1 3 2 2 2 4 1 2 1 2 1 2
47      2 1 2 3 2 1 2 4 3 2 1 2 3 2 1 2 2 2 4 1 3 3 2 2 2 2 4 4 2 1 1 2 1 1 2 4 1 1 1 2 1 1 4 1 2 1 2 2 1 1 1 1 3 3 1 2 4 1 1 1 1 4 1 1 2 1 1 2 2 1 1 1 3 3 2 2 3 2 1 1 2 2 2 1 1 2 2 1 2 1 2 2 2 1 2 3 3 1 2 2 2 1 4 2 2 1 3 3 1 1 1 1 4 1 1 2 1 1 1 2
48      2 1 2 3 2 2 2 2 2 3 2 1 3 3 2 2 2 2 4 1 3 3 2 2 2 2 1 4 2 1 1 2 2 1 3 4 1 1 1 2 2 2 4 1 2 1 2 2 1 1 1 1 1 4 1 1 4 1 1 1 1 1 1 2 1 1 2 1 4 1 1 1 1 3 1 1 3 1 1 1 2 2 2 1 1 2 2 1 2 1 2 1 1 2 3 3 1 1 2 2 2 2 4 1 2 1 3 2 1 1 1 2 1 1 1 2 2 1 1 2
49      2 1 1 1 2 1 2 4 1 1 1 1 3 2 2 2 2 1 1 4 2 1 2 2 2 1 1 1 1 1 4 4 1 1 3 4 1 1 2 2 1 1 4 1 1 2 2 1 4 3 1 2 1 3 1 1 2 2 2 1 1 3 1 2 3 2 1 1 1 1 2 1 3 2 2 1 3 1 2 1 2 1 2 2 1 3 1 2 2 1 1 2 2 1 2 2 3 3 2 2 2 2 1 1 2 1 3 3 4 3 1 2 1 1 1 1 2 1 2 1
50      1 1 3 1 2 1 2 2 1 1 1 2 1 3 2 1 2 1 1 4 1 1 2 2 2 1 1 1 1 2 1 1 2 1 3 4 1 1 1 3 1 2 4 3 1 2 2 1 3 3 2 2 1 3 1 1 2 1 2 1 1 3 2 2 1 2 1 2 1 3 1 1 3 4 2 2 3 1 2 1 2 1 2 2 1 3 2 2 1 1 2 2 1 1 3 2 3 2 2 2 2 2 1 1 2 1 3 3 4 4 1 2 2 1 1 1 2 4 2 2
51      1 1 1 1 2 2 2 2 1 1 1 1 2 3 2 2 2 2 1 1 3 4 1 2 2 2 1 4 1 1 1 3 2 1 3 3 1 1 2 1 1 1 1 4 1 2 1 1 1 1 1 1 4 1 1 1 2 4 1 1 4 1 2 1 1 2 2 1 3 2 2 1 1 1 2 2 2 3 2 2 2 2 2 2 2 1 2 2 2 1 2 2 1 1 3 3 2 2 2 2 2 2 3 1 2 2 3 4 2 4 1 1 1 1 2 2 2 1 1 1
52      2 1 1 2 1 2 2 2 1 3 1 1 2 1 2 2 1 2 1 1 4 1 2 2 2 2 4 4 1 1 1 3 2 1 3 3 1 2 2 1 1 2 1 1 1 2 1 1 2 3 1 1 4 1 1 1 3 4 1 1 3 1 2 2 3 2 1 1 3 2 2 2 3 1 2 2 2 3 2 1 2 2 2 2 2 1 2 1 2 1 2 2 2 2 2 2 3 1 2 2 2 2 3 1 2 2 3 4 1 3 1 2 1 1 2 2 2 1 1 1
53      2 1 3 3 1 1 2 4 1 1 1 2 3 3 2 1 2 2 1 1 3 2 2 2 2 1 1 1 2 2 1 3 1 1 4 3 2 1 2 2 2 2 1 2 1 1 2 2 3 1 1 2 3 4 2 2 4 1 1 1 1 4 2 1 3 2 1 1 1 4 2 2 2 2 2 2 2 1 2 1 2 2 1 1 2 2 1 2 2 2 1 1 2 1 2 3 2 3 1 2 1 2 1 1 2 2 2 3 2 2 2 1 2 3 2 2 2 1 1 2
54      2 2 3 1 1 1 2 4 1 2 1 2 3 1 1 1 2 1 1 1 3 1 2 1 2 1 4 1 2 2 1 3 1 1 4 3 1 1 3 2 2 2 1 2 1 1 2 2 1 1 2 2 1 4 1 2 4 2 1 1 1 4 2 1 4 2 1 2 1 3 2 1 3 3 2 2 1 1 1 1 2 2 1 1 2 4 1 1 2 1 1 2 1 2 2 3 2 3 1 1 1 1 1 1 1 2 3 3 2 2 2 2 3 3 2 2 2 4 1 1
55      1 1 3 2 2 1 2 2 2 1 1 2 2 2 1 2 1 2 4 1 4 2 1 1 1 2 1 4 2 1 1 1 1 1 2 2 2 1 2 2 2 1 2 1 1 2 2 2 1 2 2 2 3 3 1 1 1 3 1 1 2 4 1 2 2 3 1 1 4 2 1 1 3 1 1 2 1 2 1 1 1 2 1 1 2 2 2 2 2 2 1 2 1 1 2 2 4 2 1 1 1 2 1 1 1 1 3 3 2 1 1 1 4 1 2 1 4 4 1 1
56      1 2 3 1 2 1 2 2 2 1 1 2 2 2 1 2 2 2 1 1 4 2 1 1 1 2 1 4 2 1 1 1 1 2 3 3 1 1 2 3 2 1 2 1 2 1 1 1 2 2 2 2 4 3 1 1 4 3 1 1 2 3 1 2 2 3 1 1 4 4 1 2 2 4 2 2 1 1 1 2 1 2 1 1 2 2 2 2 2 1 1 1 1 1 2 2 3 2 1 1 1 2 4 1 2 2 3 1 2 1 1 1 3 1 1 2 3 1 2 1
57      2 1 2 3 2 2 2 2 1 2 1 2 3 3 2 2 2 2 1 1 1 3 1 2 1 2 4 4 2 1 4 1 1 1 3 2 1 1 2 1 1 1 4 1 2 1 1 2 2 1 1 1 2 4 1 1 1 2 1 1 1 2 1 1 2 1 2 2 3 2 2 2 3 3 1 2 1 1 1 1 2 1 2 3 1 2 2 1 2 1 2 1 1 1 2 3 2 1 2 2 2 2 1 1 1 1 3 3 2 1 2 2 1 1 2 1 3 1 1 2
58      2 1 1 1 2 1 2 4 3 3 1 1 3 3 2 2 2 1 1 1 1 2 1 2 1 1 4 4 2 1 4 1 2 1 3 2 1 1 2 1 2 1 1 1 2 1 1 2 2 1 1 1 2 4 1 1 1 1 1 1 1 4 1 1 2 1 2 2 3 2 2 2 4 3 2 2 2 1 1 1 2 1 1 3 4 3 2 1 2 1 2 1 1 1 2 2 2 1 2 2 2 2 3 1 1 1 1 3 2 3 2 1 3 1 2 1 2 1 1 2
59      2 1 1 1 1 1 2 4 1 1 1 1 3 2 1 2 2 2 1 2 3 2 2 1 2 1 4 4 2 1 1 3 1 1 3 1 1 1 2 2 2 1 1 2 1 1 1 1 1 3 1 2 1 2 1 1 2 1 2 1 1 1 1 1 4 1 1 1 1 4 2 1 3 3 2 2 3 1 1 1 2 2 2 1 2 2 2 2 2 2 2 1 1 1 2 2 1 2 2 1 2 2 1 4 2 2 3 1 2 1 1 2 2 3 1 2 4 4 1 2
60      2 2 1 3 1 1 3 3 1 3 1 1 3 1 1 2 2 2 1 2 3 1 2 1 2 2 4 4 2 1 1 1 1 1 3 3 1 1 2 2 2 2 1 1 1 1 1 2 1 3 1 2 1 3 1 1 2 2 2 1 1 4 1 1 2 3 1 1 2 3 1 1 3 3 2 2 3 1 1 1 2 2 1 1 3 2 2 2 2 2 2 2 2 1 2 3 1 2 2 2 2 2 4 4 2 1 3 4 2 3 1 2 2 3 1 1 2 2 1 2
61      2 1 1 1 2 1 4 4 1 3 2 1 3 3 1 2 1 1 4 1 2 1 1 1 2 1 4 4 2 1 1 1 2 2 3 3 1 1 2 2 2 1 1 1 2 2 1 2 4 1 2 1 2 4 1 1 1 1 1 1 3 1 2 1 2 1 2 2 4 3 1 2 3 3 2 2 1 1 1 1 2 2 2 1 3 4 2 2 1 2 2 2 2 1 3 2 2 2 2 2 2 2 4 3 2 1 3 1 4 2 2 2 2 1 1 2 4 2 2 1
62      1 2 1 1 1 1 4 4 1 3 2 1 1 3 1 2 2 2 1 1 2 2 1 2 2 1 4 4 1 2 4 4 1 2 2 3 1 1 1 1 2 2 1 1 2 1 2 2 1 1 2 1 2 2 1 1 1 1 1 1 4 1 1 1 1 1 1 2 4 2 1 2 4 3 2 2 3 1 1 1 2 2 2 3 2 4 2 2 2 1 1 2 1 1 3 2 2 2 2 2 2 2 3 3 2 1 3 3 4 3 2 1 4 3 2 2 4 1 2 2
63      1 2 1 2 1 2 3 2 3 3 2 1 1 3 2 2 1 2 2 1 1 3 1 2 2 2 1 1 2 2 1 1 1 1 4 4 2 1 3 1 2 2 1 1 2 2 2 2 1 1 2 1 3 4 1 1 1 4 1 1 1 1 1 2 2 1 1 1 4 4 1 1 4 3 2 1 1 3 1 1 2 2 1 2 3 2 2 1 1 2 2 2 1 1 3 3 1 1 1 2 1 2 4 4 1 2 3 3 3 1 2 1 4 1 2 2 1 1 1 2
64      2 1 3 3 1 2 4 2 3 3 2 1 1 3 2 2 1 2 2 4 1 3 2 2 1 2 1 4 2 1 1 2 1 1 3 4 1 1 3 2 2 2 3 1 2 1 1 2 3 1 2 1 2 1 1 1 1 1 2 1 3 1 1 1 3 1 2 1 1 1 1 1 4 1 2 1 1 1 1 1 2 2 1 1 3 1 2 1 2 2 2 1 1 1 3 3 1 1 2 2 1 2 4 4 1 1 3 2 3 1 2 1 2 1 1 1 1 2 1 1
65      2 2 2 1 1 1 4 2 3 2 1 2 3 3 1 2 2 2 1 4 3 3 2 2 2 1 4 4 2 1 1 3 1 1 4 2 1 1 1 2 1 1 4 1 2 1 2 1 1 1 1 1 3 1 1 1 4 1 1 1 4 1 1 1 2 3 1 1 1 2 1 2 3 4 2 1 2 1 1 1 2 1 2 1 1 1 1 1 1 2 2 2 1 2 3 2 3 2 2 2 2 1 4 2 1 2 3 1 1 1 1 1 4 2 1 1 1 2 2 1
66      2 2 3 1 1 1 4 4 2 2 2 2 2 2 2 2 2 1 4 1 3 1 2 2 2 1 4 4 2 1 1 3 1 2 4 3 1 1 2 2 1 2 1 1 2 2 2 1 1 4 1 2 3 1 1 1 1 1 1 1 4 4 1 2 2 3 1 1 2 2 1 2 3 3 2 2 3 3 1 1 2 1 1 2 1 1 2 1 2 2 2 2 2 2 2 2 3 1 2 2 1 2 2 4 2 2 3 1 1 1 1 2 1 3 2 2 1 4 2 2
67      1 1 3 1 1 2 2 2 1 1 2 1 2 2 2 2 2 2 1 1 4 4 1 2 2 2 1 4 2 1 1 3 1 2 2 3 2 1 2 2 1 1 1 4 1 2 2 1 2 1 2 1 3 4 1 1 3 4 1 1 4 4 2 1 2 1 1 2 4 2 1 1 3 1 1 2 2 3 1 2 2 2 1 2 2 2 2 2 2 1 2 2 1 1 2 3 4 2 1 2 2 2 1 1 1 2 3 3 2 2 1 1 1 1 1 2 4 1 1 1
68      1 1 3 1 1 2 2 2 1 1 2 1 2 2 1 2 1 2 4 1 2 4 1 2 1 2 4 4 2 1 1 1 1 1 2 3 2 1 2 2 1 1 1 1 1 1 2 1 1 1 2 1 3 1 1 1 3 2 1 1 4 1 2 1 2 1 1 1 2 3 1 2 1 1 1 2 1 3 1 2 1 2 1 2 2 1 2 2 2 2 2 2 1 1 2 3 2 2 1 2 1 2 1 1 1 2 3 4 1 2 1 1 1 1 1 2 4 1 1 1
69      1 2 3 1 1 2 2 2 2 2 2 1 2 2 2 2 2 2 3 1 1 2 2 1 2 2 4 1 1 1 3 1 2 2 3 3 1 1 2 3 1 2 1 2 2 1 2 1 1 2 1 2 3 3 1 1 1 3 1 1 1 3 1 2 3 3 1 1 1 4 2 1 3 4 2 2 3 1 1 2 2 1 2 1 3 2 1 2 2 1 2 1 1 1 3 2 2 2 2 1 1 1 1 4 1 2 1 1 1 1 1 1 2 3 1 2 2 1 2 1
70      2 2 3 1 1 1 4 2 2 2 1 1 2 2 2 2 2 2 4 1 3 4 2 1 2 2 4 4 1 2 3 1 2 1 3 3 2 1 2 2 1 2 1 2 2 2 2 1 1 2 1 2 3 3 1 1 1 4 2 1 4 2 2 1 2 3 1 1 1 4 2 2 4 4 2 2 3 1 1 2 2 1 2 1 3 2 1 2 2 2 2 1 1 1 2 2 2 2 2 1 2 2 1 1 1 2 1 3 2 1 2 1 1 1 1 2 4 1 1 1
71      1 1 1 1 1 1 2 2 1 1 1 2 3 1 1 2 2 1 2 4 2 1 1 2 2 2 4 1 2 1 1 1 1 2 1 3 1 1 2 3 1 2 2 3 1 1 1 1 3 3 2 2 1 3 1 1 1 1 2 1 1 3 1 2 1 2 1 2 1 3 2 1 3 3 2 2 1 3 1 2 2 1 1 2 2 1 2 2 2 1 1 2 1 1 2 2 1 3 2 2 2 2 4 1 2 1 1 3 2 4 1 1 3 1 2 1 4 4 2 2
72      1 1 1 3 1 2 4 2 1 1 1 2 2 3 2 1 2 1 2 4 3 1 1 2 1 1 4 1 2 1 1 1 1 2 1 3 1 1 2 1 2 2 1 3 1 2 1 1 3 3 2 2 2 3 1 1 2 1 2 2 1 1 1 2 1 1 1 2 1 1 2 1 3 4 2 2 1 3 1 2 2 2 2 2 2 1 2 2 2 1 1 2 1 1 2 3 2 2 1 2 2 2 4 1 2 1 3 3 1 4 1 1 3 1 2 1 4 2 1 2
73      2 2 3 1 1 2 3 2 1 1 1 1 3 3 1 2 2 1 2 4 1 1 1 2 2 2 4 1 1 1 1 4 1 1 3 4 1 1 2 2 2 1 1 4 1 1 1 2 1 3 1 2 1 3 1 1 2 2 2 1 4 3 1 2 2 2 1 1 2 1 1 2 3 2 2 1 3 1 1 1 2 1 1 2 2 1 2 2 2 2 2 1 2 1 2 2 2 3 2 2 2 2 4 1 1 1 4 3 2 3 1 2 2 1 1 1 2 2 2 1
74      2 2 1 1 1 2 3 2 3 1 1 1 1 2 2 2 2 1 1 4 1 1 1 2 2 2 4 1 1 1 1 4 1 1 3 3 1 1 2 2 2 1 1 1 1 1 2 2 1 3 1 2 1 1 1 1 2 2 1 2 4 1 1 1 2 2 1 1 2 1 1 2 3 3 2 1 1 1 1 1 2 1 1 2 3 3 2 2 2 1 2 2 1 1 3 2 2 3 2 2 2 2 4 1 1 2 4 3 2 4 1 1 3 1 1 1 2 2 2 2
75      2 1 1 3 1 2 4 2 2 2 2 2 2 3 2 2 2 2 3 1 3 3 2 2 2 1 4 4 1 1 2 1 2 1 3 3 1 1 1 1 1 1 2 1 2 2 1 1 2 1 1 1 4 4 1 1 1 1 1 1 3 1 2 1 4 1 2 2 3 2 1 2 3 3 1 1 3 1 1 1 2 1 1 2 1 1 2 2 2 1 1 1 1 1 2 3 2 2 2 2 1 2 2 1 2 1 2 3 1 2 2 2 2 1 2 1 3 1 1 2
76      2 1 3 3 1 2 4 2 2 2 2 2 3 3 2 2 2 2 3 1 4 3 1 2 1 2 4 4 1 1 2 1 2 1 3 3 1 1 2 1 1 1 2 4 2 1 1 1 3 2 1 1 3 2 1 1 1 2 1 1 3 1 2 1 4 2 1 2 3 3 1 2 3 3 2 2 3 1 1 1 2 2 1 2 1 1 2 2 2 1 1 1 1 1 2 3 3 1 2 2 2 2 3 1 2 1 1 3 2 1 2 2 1 1 2 2 3 1 2 2
77      2 2 1 3 1 1 4 4 1 3 1 1 1 3 1 2 1 2 1 4 1 3 1 2 1 1 1 1 2 2 3 1 1 1 4 2 1 1 2 2 2 1 2 2 1 2 2 1 1 2 2 1 1 3 1 1 4 4 1 1 4 1 1 1 2 2 2 2 3 1 1 2 3 4 2 2 1 1 1 1 2 2 1 1 4 4 1 2 1 2 2 1 1 1 2 3 2 3 1 2 1 2 1 3 1 2 3 3 2 1 2 1 3 2 2 2 4 3 1 1
78      2 2 1 3 1 1 2 2 1 2 1 1 1 1 1 2 1 2 1 4 1 1 2 2 1 1 4 4 2 2 1 4 1 1 3 2 1 1 2 2 2 1 2 2 1 2 2 1 1 2 2 2 4 3 1 1 4 4 1 1 4 1 1 1 4 4 1 2 1 3 2 2 3 4 2 1 1 1 1 1 2 2 1 1 2 4 1 1 2 2 1 1 2 1 3 3 3 3 1 2 1 2 1 3 2 2 3 1 2 1 2 1 3 2 2 2 2 4 1 1
79      1 2 2 3 2 1 2 2 1 1 1 2 2 3 2 1 2 2 1 1 1 2 2 2 2 1 4 1 1 2 1 1 2 1 3 3 2 2 1 2 1 2 1 2 2 1 1 2 2 3 1 1 4 4 1 2 4 1 1 1 1 1 2 1 3 3 1 1 3 4 2 2 3 2 2 2 2 2 2 2 2 2 2 1 1 2 1 2 2 2 2 1 2 2 2 2 3 2 2 1 2 1 3 1 2 2 3 3 1 2 2 2 1 2 2 2 1 2 1 1
80      2 1 1 3 2 1 2 2 1 1 1 2 2 3 2 2 1 2 1 1 1 3 2 2 2 1 4 1 1 2 1 1 1 1 3 3 1 1 2 2 1 2 1 2 2 1 1 2 3 1 1 2 1 4 1 2 4 1 1 1 3 4 2 1 2 3 1 1 3 4 2 2 3 2 2 2 2 1 1 1 2 2 2 1 2 2 2 1 1 2 2 1 2 2 2 2 1 3 2 1 2 1 1 1 2 2 3 2 1 2 1 2 1 2 2 2 2 1 1 2
81      2 1 1 1 2 1 2 2 2 1 1 1 2 1 2 2 2 1 1 4 2 2 1 1 2 2 4 4 1 2 3 1 2 2 3 1 1 1 3 3 2 1 2 2 2 1 2 1 2 3 2 2 3 3 1 1 3 1 1 2 1 1 1 1 3 1 1 1 4 1 1 2 4 3 2 2 1 3 2 2 2 1 2 2 2 2 2 2 2 2 2 1 1 1 2 2 2 3 1 2 1 2 4 1 1 1 1 3 1 2 1 1 3 3 1 2 2 4 2 2
82      2 1 1 1 2 1 2 2 2 1 1 1 2 3 2 1 2 1 3 4 1 1 2 2 2 2 4 4 1 2 1 1 2 1 3 1 1 1 2 2 2 1 2 2 1 1 1 1 1 3 1 2 3 3 1 1 1 1 1 1 3 1 2 1 3 1 1 1 4 1 1 2 3 3 2 2 3 1 1 2 2 1 1 2 2 1 2 2 2 2 2 1 1 1 3 2 2 1 2 2 1 2 4 4 2 2 1 1 1 4 1 1 2 3 1 2 2 4 2 2
83      2 2 3 1 1 1 4 4 1 3 1 1 3 3 2 1 1 2 1 4 3 3 2 2 1 1 1 4 2 1 1 3 1 1 2 4 1 1 2 1 1 1 2 4 1 1 1 1 2 1 1 1 1 3 1 1 4 1 1 1 1 1 1 1 2 2 2 1 1 2 2 1 4 3 2 2 1 2 1 1 2 2 1 2 4 1 2 1 1 1 2 2 1 1 3 2 2 2 2 2 1 1 1 2 1 2 3 1 1 1 1 1 2 4 2 1 3 1 1 2
84      2 2 1 2 1 1 4 2 1 2 1 2 3 3 2 2 2 2 4 1 1 3 2 2 1 2 1 4 2 2 1 1 1 1 4 4 1 1 2 2 2 1 2 4 1 1 2 1 2 1 1 1 1 3 1 1 4 1 1 1 4 4 1 1 2 2 2 1 1 1 2 1 3 4 2 1 1 2 1 1 2 1 1 1 4 1 1 1 2 1 1 2 1 2 3 2 2 2 1 2 2 1 3 2 2 2 3 1 2 1 1 1 2 2 2 1 3 2 1 1
85      1 2 1 1 1 1 4 4 1 3 1 1 2 1 2 1 1 2 4 1 1 2 2 1 1 1 4 4 1 2 1 4 1 2 1 3 1 1 1 1 2 2 3 1 2 1 1 2 3 1 2 2 3 2 1 1 2 1 2 1 1 4 2 1 1 1 1 1 1 4 1 1 3 3 2 2 3 1 1 1 2 2 2 3 2 4 2 2 2 2 1 1 1 1 3 2 2 2 1 2 2 2 4 3 2 1 3 3 4 3 1 1 1 4 1 2 4 4 1 2
86      1 2 3 1 1 1 4 4 1 1 2 1 3 1 1 1 1 2 4 1 1 2 2 2 1 1 4 4 2 2 1 4 1 1 1 2 1 1 1 1 2 2 1 1 1 2 1 2 3 1 2 2 2 2 1 1 1 1 2 1 1 4 2 1 1 1 2 1 1 4 1 1 4 4 2 2 1 3 1 1 2 2 2 3 2 4 2 2 2 1 1 2 1 1 2 2 2 2 1 2 2 2 1 3 1 1 3 3 4 3 1 2 1 3 1 2 2 1 2 2
87      2 1 3 3 2 2 2 2 1 1 1 1 3 2 2 2 2 2 2 1 1 4 1 1 2 2 4 4 1 1 1 3 1 1 4 2 1 2 2 2 2 1 1 4 1 1 1 1 3 1 2 1 1 4 1 1 2 4 2 1 4 4 1 1 2 2 1 1 1 2 2 1 3 1 2 2 3 3 1 1 1 2 2 2 1 2 2 2 2 1 1 2 2 1 2 2 3 4 2 1 2 2 4 1 1 1 3 3 2 2 2 1 2 1 1 2 2 1 1 1
88      2 1 3 3 1 1 3 2 1 1 1 2 3 2 1 2 2 2 2 1 1 4 2 2 2 2 1 4 1 2 4 1 1 1 3 2 1 1 2 2 1 1 4 1 1 2 2 1 3 1 2 1 3 4 1 1 2 3 1 1 3 4 2 2 2 1 1 2 2 4 1 1 3 3 2 1 3 2 1 1 1 2 2 2 1 2 2 2 2 1 2 2 1 1 2 2 2 4 2 1 2 2 1 1 1 1 4 3 2 2 2 1 2 1 1 1 2 4 2 1
89      1 2 2 3 1 1 2 4 1 2 2 1 2 2 2 2 2 2 1 4 2 4 2 1 1 2 4 4 2 2 1 1 2 2 3 3 2 1 1 2 1 2 1 2 2 2 1 1 2 2 1 2 4 3 1 1 4 4 1 1 1 2 1 1 3 3 1 1 3 4 2 2 2 4 2 2 2 3 2 2 2 2 2 2 1 3 1 1 2 2 2 1 2 1 2 2 3 2 2 2 1 2 1 1 2 1 3 1 2 1 2 2 1 1 2 1 2 1 1 1
90      2 2 3 1 2 1 2 2 1 2 2 1 3 2 1 2 2 2 1 1 1 3 2 2 1 2 1 4 2 2 1 3 2 1 3 3 2 1 2 2 2 2 2 2 2 2 1 1 2 1 1 1 4 3 2 1 1 1 1 2 1 2 2 1 3 3 1 1 3 1 2 2 2 4 2 2 2 1 2 2 2 1 1 2 2 2 2 1 2 2 1 2 2 1 2 2 3 2 2 2 1 2 1 1 2 1 3 1 1 1 2 1 2 1 2 2 1 1 1 1
91      1 1 3 1 1 2 4 4 3 1 1 2 3 3 2 1 2 1 4 4 3 1 2 1 2 2 4 4 2 1 1 1 1 2 3 3 1 1 3 2 2 1 1 1 1 2 2 1 1 1 1 1 1 2 1 1 1 1 1 1 1 1 1 1 3 2 2 2 1 3 1 2 1 3 1 2 1 1 1 1 2 2 1 1 3 3 2 2 2 1 2 2 1 1 3 3 1 2 2 2 1 2 4 4 1 2 2 3 3 4 2 2 2 2 1 2 1 4 1 2
92      2 2 3 1 2 2 2 4 3 3 1 1 3 3 2 1 1 1 4 1 1 1 2 1 1 2 1 4 1 2 2 1 1 2 3 3 1 1 3 2 2 2 1 1 1 2 2 2 3 1 2 1 1 2 1 1 1 1 2 1 3 3 1 2 3 2 2 2 1 3 1 1 4 3 2 2 1 1 1 1 2 2 1 2 1 3 1 2 2 1 2 2 1 2 3 3 1 2 2 2 1 2 4 4 1 2 2 3 3 2 2 2 1 1 1 2 2 4 1 2
93      1 1 3 1 2 2 2 2 1 3 1 2 2 1 2 2 1 2 4 1 2 3 1 2 1 2 4 1 2 2 1 1 1 1 3 4 2 1 2 1 1 2 1 1 1 2 2 2 1 1 1 2 1 3 1 1 2 4 1 1 1 1 1 1 2 1 1 1 3 4 2 1 1 3 2 1 1 3 1 1 1 2 1 1 2 2 2 1 2 1 2 2 1 1 2 3 2 1 2 2 1 2 1 4 1 2 3 3 2 3 1 2 1 1 1 2 1 1 1 1
94      1 2 1 1 1 1 2 3 1 3 2 1 2 3 1 2 1 1 4 2 4 3 2 1 1 2 4 1 2 2 1 1 1 1 3 4 2 2 2 3 1 2 1 1 1 2 2 2 1 1 2 2 3 4 1 1 3 1 1 1 4 1 2 2 1 1 1 1 2 4 1 1 1 4 1 1 1 3 1 1 1 2 1 1 2 3 2 1 2 1 2 2 1 1 3 3 2 1 1 1 2 1 1 4 1 1 3 3 2 3 1 2 1 4 2 2 4 1 1 1
95      2 2 1 1 1 2 2 2 1 3 1 1 1 2 2 2 1 2 1 1 1 1 2 1 1 2 4 1 2 1 4 1 1 1 3 3 1 1 2 2 1 2 2 1 1 1 2 2 2 1 2 1 4 1 1 1 4 2 1 1 4 4 1 1 4 2 2 1 3 2 2 1 3 3 2 2 1 1 1 1 2 1 1 2 4 3 1 2 2 1 1 2 1 1 3 3 3 3 2 2 1 2 1 1 2 1 3 4 1 4 1 1 3 3 2 1 2 2 1 2
96      2 2 1 1 1 2 2 2 1 1 1 1 1 2 2 2 2 1 4 4 1 1 2 1 1 2 4 1 2 1 4 1 1 1 3 3 1 1 2 2 2 2 2 1 2 1 1 2 2 1 2 1 4 1 1 1 4 2 1 2 4 4 1 1 4 2 2 1 3 1 2 2 4 3 1 1 1 1 1 1 2 1 1 2 2 3 1 2 2 2 1 2 1 1 3 3 3 2 2 2 1 2 1 1 2 1 1 4 2 4 2 1 2 3 2 1 2 2 1 2
97      2 1 3 3 1 2 4 2 2 2 2 2 2 3 2 2 2 2 4 1 1 3 2 2 1 1 4 4 2 1 1 1 2 2 3 3 1 1 2 1 1 1 1 2 2 2 2 1 1 1 1 1 3 4 1 1 1 1 1 1 4 1 2 1 2 1 1 2 2 3 2 1 3 3 2 1 3 3 1 1 1 1 2 2 1 1 2 2 2 1 2 1 2 1 2 3 3 2 2 2 2 1 4 1 2 1 3 3 1 2 1 2 3 1 2 1 1 1 2 2
98      2 2 1 3 1 2 4 2 2 2 2 2 2 3 2 2 2 2 4 1 1 3 2 2 1 1 4 4 2 1 1 1 2 1 3 3 1 1 2 1 1 1 1 2 2 2 2 1 4 2 2 1 1 4 1 1 1 1 1 1 4 3 2 1 3 4 1 2 2 2 1 2 3 3 2 1 3 1 1 1 1 2 2 1 1 1 1 2 2 1 2 1 2 1 2 3 1 2 2 2 1 1 2 1 2 2 1 2 1 1 1 2 3 2 2 2 4 1 2 2
99      2 2 1 3 1 1 2 4 1 2 1 2 3 3 2 2 2 2 1 1 3 3 2 2 1 1 1 4 2 1 1 1 1 1 3 3 1 1 2 2 2 1 2 2 1 2 2 1 1 2 2 1 1 2 1 1 4 2 1 1 4 3 1 2 2 2 1 1 3 3 2 2 3 3 2 2 2 3 1 1 2 2 2 1 2 1 1 2 2 2 1 1 2 1 2 2 3 1 2 2 2 2 1 3 2 2 2 1 1 2 1 2 1 1 2 2 1 3 2 2
100     1 1 3 3 1 1 2 4 1 2 1 2 3 3 2 2 1 2 1 3 1 4 2 1 2 1 4 4 1 1 1 1 1 2 3 3 1 1 2 2 2 1 2 2 2 2 1 1 1 2 2 1 1 2 1 1 1 1 1 1 3 1 2 1 2 4 1 1 4 3 2 1 2 3 2 2 2 1 1 1 2 2 2 1 2 1 1 2 2 2 1 1 2 1 2 3 1 3 1 2 2 2 1 1 2 1 3 3 1 2 1 2 2 1 2 2 1 3 2 2
101     2 2 1 3 2 2 2 2 1 2 1 2 2 2 2 2 2 2 4 4 1 3 2 2 1 1 4 4 1 1 1 1 1 2 3 3 1 1 2 1 2 1 1 1 2 2 1 2 1 1 1 1 4 3 1 1 4 1 1 1 4 4 1 2 2 1 1 1 1 2 2 2 3 3 1 2 1 3 1 1 1 1 2 2 2 1 2 2 2 2 1 1 1 1 3 3 3 3 2 2 1 2 1 4 2 1 1 3 2 2 2 2 3 1 1 1 2 1 1 2
102     2 2 1 3 1 1 2 4 1 2 1 2 1 3 2 2 1 2 4 1 1 3 2 2 2 1 1 4 1 1 1 1 1 2 3 3 1 1 2 2 2 1 1 2 1 2 2 1 1 1 1 1 1 4 1 1 2 1 2 1 4 1 1 1 2 1 1 2 3 2 2 1 4 3 1 1 1 3 1 1 1 1 2 2 3 1 2 2 2 1 2 1 1 1 3 3 3 2 2 2 1 1 1 1 1 2 4 3 4 2 2 2 2 1 1 1 2 1 2 2
103     2 2 3 1 1 1 2 4 1 3 2 1 2 3 2 1 2 1 1 1 4 3 1 2 1 1 4 4 2 2 1 3 2 1 3 4 1 1 2 1 1 1 1 4 2 1 1 1 2 1 1 1 4 3 1 1 4 1 1 1 2 1 1 1 3 2 1 1 3 2 2 1 2 4 2 2 2 1 2 1 2 2 2 1 3 1 1 1 2 1 2 2 2 1 2 3 3 2 2 2 2 1 1 2 1 1 1 3 1 1 2 1 1 2 2 2 1 3 1 1
104     1 2 2 1 1 1 2 4 2 3 1 1 2 3 2 1 2 1 4 1 2 3 2 2 1 1 4 4 2 1 1 3 2 1 3 2 1 1 2 1 1 1 2 2 2 1 1 1 2 2 1 1 4 3 1 1 4 1 1 1 1 1 1 1 3 2 1 2 3 2 2 1 2 3 2 2 3 2 2 1 2 2 2 1 3 4 1 1 2 1 1 2 2 1 2 3 3 2 2 2 2 1 1 2 1 2 1 1 2 1 2 1 1 2 2 1 1 3 1 1
105     1 2 3 1 1 1 2 2 1 3 2 1 2 2 2 2 2 2 1 1 1 1 2 2 2 1 1 4 1 1 4 1 1 1 2 3 1 1 2 2 1 2 1 1 2 1 1 2 1 2 1 2 4 4 1 1 2 2 1 1 4 4 2 1 1 2 2 1 2 2 1 1 3 3 1 2 2 1 1 1 2 1 2 2 2 4 2 1 1 2 2 1 1 1 2 3 2 3 2 2 2 2 1 1 1 2 4 3 2 1 2 1 2 3 1 2 4 2 1 1
106     2 2 3 1 1 1 2 2 1 1 1 1 2 2 2 2 2 2 1 1 4 1 2 1 2 2 4 1 1 1 4 1 1 1 2 3 1 1 2 2 1 1 4 2 2 1 1 2 1 1 1 1 4 4 1 1 2 4 1 1 4 4 2 1 1 4 2 2 4 3 1 2 3 3 1 2 2 1 1 1 2 2 2 2 1 4 2 1 1 1 2 2 1 1 2 3 2 3 1 2 2 1 1 1 1 2 4 3 2 1 2 1 1 3 1 2 4 2 1 1
107     1 1 3 1 1 2 2 2 1 1 1 1 3 1 2 2 2 1 3 4 1 2 2 1 2 2 4 4 1 1 1 3 1 2 3 3 1 1 2 3 1 2 2 2 2 1 1 1 2 3 1 2 2 3 1 1 1 1 1 2 3 1 2 1 4 3 1 1 4 1 2 2 2 4 2 2 2 3 1 2 2 2 1 2 2 2 1 2 2 2 1 1 1 1 3 2 1 3 1 2 2 1 1 4 2 1 3 3 1 2 1 1 1 3 2 1 1 2 2 2
108     1 2 3 1 1 1 2 2 2 1 2 1 3 1 2 2 2 2 3 1 4 2 1 1 2 2 4 4 1 2 1 1 1 2 3 1 1 1 2 3 1 2 2 2 2 1 1 1 1 2 2 2 1 3 1 1 1 1 1 2 1 1 1 1 2 3 1 1 4 1 2 2 2 4 2 2 2 3 1 2 2 2 1 2 1 2 2 2 2 2 1 1 1 1 3 2 3 2 2 1 2 1 1 4 1 1 3 3 2 1 2 1 2 3 2 2 1 2 2 2
109     1 1 1 3 2 2 2 2 3 1 2 1 1 2 2 2 1 2 4 1 3 1 2 1 2 2 1 4 2 1 1 3 1 1 3 4 1 2 1 2 2 2 1 1 2 1 2 1 1 3 2 2 1 1 1 1 2 4 1 1 1 4 1 1 2 2 1 1 3 2 2 2 1 3 1 2 1 3 1 1 1 2 1 2 2 2 2 2 2 1 2 2 1 1 3 2 2 4 2 2 1 2 1 4 1 1 3 3 2 2 1 1 1 1 1 2 1 2 1 1
110     1 1 3 3 2 2 2 2 1 1 1 1 2 2 2 2 2 2 4 1 3 4 2 1 1 2 4 4 2 1 1 3 1 1 3 2 1 2 1 2 2 2 1 1 1 1 2 1 1 3 2 2 1 4 1 1 4 2 1 2 1 4 1 1 1 2 1 1 3 1 2 2 1 1 2 2 1 3 1 1 2 2 1 2 2 2 2 2 1 2 2 1 1 2 3 2 1 3 2 1 1 2 1 4 2 1 3 3 3 2 2 1 1 1 1 2 1 1 1 1
111     2 2 2 1 1 1 4 4 2 2 2 2 3 3 2 2 2 2 1 1 3 3 2 2 2 1 1 1 2 1 1 1 1 1 4 3 1 1 2 2 1 2 4 2 1 1 1 1 1 1 1 2 1 2 1 1 1 4 1 1 4 3 1 1 2 2 1 1 1 3 2 2 3 3 2 2 2 3 1 1 2 2 1 1 1 1 1 2 1 2 2 1 2 1 3 2 2 3 2 2 1 2 2 3 2 2 1 2 1 2 1 2 2 1 1 2 2 3 1 2
112     2 2 1 3 1 1 2 4 2 2 2 2 3 3 2 2 2 2 1 1 1 3 2 2 1 1 1 4 2 1 1 1 1 1 4 3 1 1 2 2 2 1 2 2 1 1 1 1 2 1 1 2 3 2 1 1 1 4 1 1 4 3 1 2 2 2 2 1 1 3 1 2 4 3 1 2 1 2 1 1 1 2 1 2 4 2 1 1 2 2 1 1 1 2 2 2 2 1 2 2 2 2 3 3 2 2 1 1 1 2 1 2 2 1 2 2 2 1 1 2
113     2 2 1 1 2 1 2 2 1 1 2 2 3 2 1 1 2 1 1 2 3 4 2 2 1 1 1 4 2 2 3 1 1 1 3 3 2 2 2 2 2 1 2 1 2 2 1 2 2 1 1 2 4 4 2 1 1 3 1 1 1 1 2 2 3 1 1 1 1 2 2 1 4 4 2 1 2 3 2 1 1 1 1 1 2 2 1 2 2 2 1 2 2 1 2 3 2 2 2 1 1 2 1 1 1 1 1 3 1 3 2 2 1 1 2 2 1 1 1 1
114     2 2 3 1 1 1 2 2 2 3 1 1 3 2 1 1 2 1 1 2 1 4 2 2 1 2 1 1 2 2 1 1 1 1 3 3 1 2 2 3 2 1 2 1 2 1 1 2 1 1 1 2 3 3 2 1 1 1 1 1 2 4 1 2 3 1 1 1 3 2 2 1 4 1 2 1 2 1 2 1 2 1 1 1 2 2 1 2 2 2 2 2 2 1 2 3 2 2 2 1 2 1 1 4 2 1 3 3 1 3 1 2 1 1 2 2 1 1 1 1
115     1 2 3 1 1 1 4 4 1 2 1 2 3 3 1 2 1 2 4 1 2 3 2 2 1 1 4 4 2 1 4 1 1 1 1 3 1 1 1 1 2 1 1 1 2 2 2 1 1 2 2 1 2 1 1 1 1 1 1 1 4 3 1 1 1 3 1 1 1 2 1 2 4 3 2 1 1 3 1 1 2 1 2 2 2 1 2 1 1 1 2 1 1 2 2 2 2 2 2 2 2 1 1 1 1 2 3 2 3 1 2 2 1 2 2 2 1 4 2 2
116     2 2 1 1 1 2 4 2 1 2 2 2 1 2 1 2 1 2 4 4 1 3 2 2 1 1 4 4 2 2 4 1 1 1 2 3 1 1 1 1 2 1 1 2 2 2 2 2 1 4 2 2 2 4 1 1 1 1 2 1 4 3 1 1 1 3 2 1 1 2 1 2 4 3 2 1 3 1 1 1 2 2 3 1 4 1 2 2 2 1 1 1 1 2 2 2 2 2 2 2 2 1 3 2 1 2 3 2 3 1 2 1 3 2 2 2 2 1 2 2
117     1 2 3 1 1 2 4 2 1 3 2 1 3 3 1 1 1 1 4 1 3 1 2 1 2 2 4 4 2 2 1 1 2 1 3 3 1 1 2 2 1 2 1 1 2 2 1 2 1 3 1 2 1 1 1 1 1 1 1 2 1 3 1 1 2 3 2 2 1 3 1 1 3 4 2 2 1 1 1 1 2 2 1 1 3 1 2 1 1 2 2 2 1 1 3 3 2 2 2 2 2 1 4 4 2 1 3 2 4 3 2 2 2 1 1 1 4 2 2 1
118     1 2 3 3 1 2 4 4 1 3 2 1 3 3 1 1 2 1 4 4 3 1 2 1 2 1 4 4 1 2 1 2 2 2 3 3 1 1 3 2 1 2 1 1 2 1 1 2 1 3 1 2 1 1 1 1 1 1 1 1 1 3 1 1 3 2 2 2 1 3 1 1 3 3 2 2 1 1 1 1 2 2 1 1 3 1 2 1 2 2 2 2 1 2 3 3 2 2 2 2 2 1 4 4 1 2 2 3 3 2 2 2 2 1 1 2 4 2 2 1
119     2 2 1 1 1 1 4 2 3 1 1 1 2 2 2 2 2 2 1 3 2 1 1 2 1 2 4 4 2 1 4 1 1 2 1 3 1 1 1 2 2 2 1 2 1 1 2 1 3 3 2 2 3 3 1 1 1 1 1 1 4 3 2 2 1 3 1 1 4 4 1 1 3 3 2 2 3 1 1 2 2 1 3 1 4 1 2 2 2 2 1 1 1 1 2 2 2 1 1 2 2 2 3 4 1 2 3 1 4 4 1 1 1 3 1 2 4 4 2 2
120     1 1 1 1 1 2 4 2 1 2 1 1 2 2 2 2 1 2 4 3 2 1 1 2 1 2 4 4 1 2 1 1 1 2 1 3 1 1 1 2 2 1 1 2 1 1 2 1 1 1 2 1 3 3 1 1 2 1 1 1 4 3 1 2 1 1 1 1 4 4 1 1 3 3 2 2 1 3 1 1 2 1 3 2 2 2 2 2 2 2 1 1 1 1 3 3 2 2 1 2 2 1 4 4 1 2 3 1 3 4 1 1 4 3 1 2 4 4 2 2
121     1 2 3 1 2 1 2 2 1 1 1 1 2 1 2 2 2 2 4 1 3 1 2 2 1 1 4 4 2 1 1 1 1 1 3 3 2 1 2 2 2 2 1 1 1 2 2 1 1 1 2 1 4 1 1 1 4 2 2 2 4 1 1 1 1 2 1 1 1 3 2 2 1 4 2 1 3 3 1 1 2 1 2 2 2 1 2 2 1 1 2 1 2 1 2 3 1 3 2 2 1 1 1 1 1 1 3 4 3 4 2 2 1 2 2 1 1 2 1 2
122     1 2 3 1 2 1 2 4 1 2 1 2 2 3 2 2 2 2 1 1 4 1 1 2 2 2 4 4 2 1 1 1 1 2 2 3 1 1 1 2 2 2 1 1 1 1 2 2 3 1 2 1 4 4 1 1 2 1 1 1 4 1 1 1 2 2 1 1 3 3 2 2 1 3 2 1 1 3 1 1 2 1 2 2 2 3 2 2 2 2 1 2 1 1 3 3 1 2 2 2 1 1 1 1 1 1 3 4 3 4 1 2 1 1 2 1 1 1 1 2
123     1 2 3 1 1 1 2 2 1 3 1 1 1 3 2 1 2 2 1 4 2 2 1 2 2 1 4 4 1 2 1 1 2 2 1 3 1 1 3 2 2 1 2 2 2 1 1 1 2 2 2 1 3 3 1 1 1 1 1 1 1 1 1 1 3 2 1 2 4 2 2 1 2 2 2 2 3 3 2 2 2 2 2 1 1 3 2 1 2 2 1 1 1 2 3 2 3 3 2 2 2 2 4 1 1 2 3 1 2 1 1 1 3 2 2 1 1 1 2 1
124     2 2 1 1 1 1 2 2 2 2 2 1 3 3 2 1 2 2 1 4 2 2 1 2 2 1 4 4 1 2 1 1 1 2 3 3 1 1 3 2 1 1 2 2 1 1 1 1 2 2 2 1 1 3 1 1 1 4 1 1 1 1 1 1 3 3 1 1 1 2 2 1 2 3 2 2 3 2 2 1 2 2 2 1 1 4 2 1 2 2 1 1 1 2 2 3 2 2 1 2 1 2 4 1 1 2 3 1 2 2 1 2 2 1 2 2 2 3 2 1
125     2 2 1 1 1 1 4 2 1 2 2 1 2 2 2 1 1 2 4 1 3 4 2 2 1 1 4 1 2 2 1 1 1 1 3 3 1 1 1 2 1 2 2 2 2 2 2 1 4 1 2 2 2 3 1 1 1 1 2 1 4 4 1 2 1 1 2 1 2 3 2 2 4 1 2 1 1 1 1 2 2 2 3 1 1 2 2 1 2 2 1 2 2 2 2 2 2 2 2 1 2 1 3 4 1 2 3 3 1 3 1 2 3 1 2 2 1 1 2 1
126     2 2 1 3 1 1 4 2 1 3 2 1 1 2 1 1 1 1 4 2 3 1 2 2 1 2 4 1 2 2 1 1 1 1 2 3 1 1 1 2 2 2 1 2 2 1 2 2 4 1 2 2 2 3 1 1 1 1 1 1 3 2 1 1 1 1 2 1 2 2 1 1 4 1 1 1 1 1 1 1 2 2 3 1 1 2 2 1 1 2 1 2 2 2 2 3 2 2 2 1 1 1 2 4 1 2 3 3 3 1 2 1 2 1 2 2 1 1 2 1
127     1 2 3 1 1 1 4 2 1 3 2 1 3 2 1 2 2 2 4 1 3 1 2 2 2 2 4 1 1 1 1 4 2 1 3 2 1 1 2 2 2 2 1 1 1 1 2 2 1 2 1 2 1 4 1 1 1 2 1 1 1 4 1 2 2 2 2 1 3 2 1 1 3 3 2 1 1 1 1 1 2 1 1 2 3 2 2 2 2 2 2 1 1 1 3 2 2 3 2 2 2 2 4 1 1 1 2 3 3 2 2 2 1 2 2 1 2 2 1 1
128     1 1 3 3 2 1 4 2 1 1 2 2 3 2 1 2 1 2 4 1 3 1 1 2 2 1 4 4 1 1 1 4 2 1 3 2 1 1 3 2 1 2 1 1 1 2 2 1 3 1 2 1 1 4 1 1 1 2 1 1 1 4 1 2 3 1 2 1 3 2 1 1 3 3 2 2 1 1 1 1 2 2 1 2 3 4 2 1 2 1 2 2 1 1 3 3 2 3 2 2 1 2 4 1 2 1 3 4 3 1 2 1 1 3 1 2 4 2 2 1
129     2 2 1 1 1 1 2 2 1 1 2 1 2 2 1 2 2 2 1 1 4 1 2 1 1 2 4 4 2 1 3 1 1 1 3 3 2 1 2 2 1 1 1 2 2 1 1 2 1 1 2 1 4 4 1 1 3 2 1 1 1 4 2 2 3 4 1 2 2 3 1 2 4 3 2 1 2 1 2 1 1 2 1 2 2 4 1 1 2 1 1 2 1 1 3 2 2 2 1 1 1 1 1 1 1 2 1 3 3 2 2 2 1 1 2 1 1 2 1 1
130     2 2 1 3 2 1 2 2 1 1 2 1 2 2 1 2 1 2 2 1 4 4 2 2 1 2 1 1 2 1 3 1 1 1 3 2 2 1 2 2 1 1 1 4 2 2 1 2 2 1 1 1 4 4 1 1 3 4 1 1 1 4 2 2 1 1 1 2 1 4 2 1 4 3 1 2 3 1 1 1 1 2 1 2 2 4 1 1 2 1 1 2 2 1 2 3 2 2 2 1 2 2 1 1 1 1 3 4 3 1 2 1 1 1 2 1 1 4 1 1
131     2 1 3 3 2 1 2 4 1 1 1 1 2 3 2 2 2 2 4 1 3 3 2 2 1 1 4 4 1 2 1 4 2 1 3 3 1 1 1 1 1 1 1 1 2 2 1 1 1 1 1 2 3 2 1 1 4 1 1 1 4 4 2 1 1 1 1 1 1 2 2 2 3 4 1 2 3 3 1 1 1 2 2 2 1 1 2 1 2 1 1 2 1 1 3 2 3 2 2 2 1 1 1 1 2 1 3 3 2 3 2 2 1 2 1 2 2 1 2 2
132     2 2 1 1 2 1 2 4 1 2 1 2 2 3 2 2 2 2 4 1 3 2 2 2 1 1 4 4 1 2 1 4 2 1 3 1 1 1 2 1 2 1 1 1 2 2 1 2 1 1 1 2 4 1 1 1 4 1 1 1 4 4 2 1 1 3 1 1 1 1 2 1 3 4 1 2 1 3 1 1 1 2 2 2 2 2 2 2 2 1 1 1 1 2 3 2 3 2 2 2 2 2 4 1 2 1 1 3 2 3 2 2 1 2 1 2 1 4 2 2
133     1 2 3 1 2 1 2 2 1 1 1 1 2 2 2 2 2 2 1 3 1 2 1 2 2 1 4 4 2 1 1 1 1 2 3 3 1 1 1 1 2 2 1 2 1 1 1 1 3 3 2 2 1 3 1 1 2 1 1 1 4 4 1 2 2 1 1 1 2 4 2 1 3 3 2 2 1 3 1 1 1 2 1 3 2 4 2 2 2 2 2 1 1 1 2 2 2 1 2 1 1 2 1 3 1 1 3 3 2 4 1 1 1 1 1 1 2 4 1 2
134     1 2 3 1 2 1 2 4 3 3 2 1 2 2 2 2 2 2 1 1 3 2 2 1 2 1 1 4 1 2 3 4 1 2 4 3 2 1 2 2 2 2 1 1 2 1 2 2 1 3 2 2 1 3 1 1 4 1 1 1 1 4 1 2 2 1 1 1 2 4 2 1 1 3 1 2 3 1 1 2 1 2 1 1 2 1 2 2 2 2 2 1 1 1 2 2 2 1 2 2 1 2 1 3 1 1 3 3 2 4 1 1 1 1 1 2 1 4 1 2
135     2 1 3 3 1 1 4 2 1 1 2 1 2 3 2 2 2 1 1 3 4 2 2 2 1 2 4 4 2 1 1 1 1 1 4 3 1 1 2 2 1 1 1 2 1 2 1 1 2 3 1 2 3 2 1 1 1 1 1 1 1 3 1 1 3 4 1 1 3 1 2 2 4 2 2 2 1 2 1 2 2 2 1 2 3 2 1 1 1 2 2 1 1 1 3 3 3 1 2 2 1 2 2 1 1 1 1 3 1 2 2 1 2 3 2 1 3 1 1 2
136     2 1 3 1 1 1 4 2 1 1 2 1 2 3 2 2 2 2 1 3 4 2 1 1 1 2 4 4 2 1 3 3 2 2 3 3 1 1 2 3 1 2 4 2 1 1 1 1 1 2 1 2 3 3 1 1 4 1 1 1 1 1 1 1 2 4 1 1 3 4 2 2 2 4 2 2 2 3 2 2 2 2 2 1 1 2 1 2 2 2 2 1 1 1 3 2 3 1 2 1 2 1 1 1 1 1 1 3 1 1 2 1 2 1 2 2 1 1 1 2
137     1 2 3 2 2 1 2 4 1 2 2 2 3 3 1 2 1 2 4 1 1 3 2 2 2 2 4 1 2 2 1 1 1 1 3 4 1 1 2 2 2 1 1 4 2 1 2 1 1 1 1 2 1 2 1 1 1 1 2 1 1 4 1 1 3 2 2 1 3 3 1 2 4 3 2 2 1 2 1 1 2 2 1 1 1 1 1 1 1 1 2 2 1 1 3 2 2 3 2 2 1 2 4 3 2 2 3 2 3 2 2 2 1 1 1 2 2 2 1 1
138     2 2 1 1 1 1 4 4 1 2 2 2 3 3 1 2 1 2 1 1 3 3 2 2 2 1 4 1 2 1 1 1 2 1 3 4 1 1 2 2 1 2 1 2 2 1 1 1 1 1 1 1 1 1 1 1 1 4 1 1 3 3 1 1 3 2 2 1 3 1 1 2 3 3 2 2 1 2 1 1 2 2 1 1 3 1 2 2 1 2 2 1 1 1 3 2 2 2 2 2 1 2 4 3 2 2 3 1 3 1 2 1 1 1 1 2 4 3 2 2
139     2 1 1 1 1 1 4 4 2 2 2 1 3 2 2 2 2 2 1 3 3 1 2 1 1 2 1 4 1 2 1 1 1 1 4 1 1 1 2 1 1 2 2 2 1 1 1 1 2 1 1 1 3 3 1 1 4 1 1 1 4 3 2 2 2 1 1 1 3 4 2 1 4 3 2 2 2 1 1 1 2 2 1 2 4 2 1 2 2 2 1 1 1 1 2 3 1 2 2 2 2 1 3 4 2 1 1 3 2 3 2 1 2 4 2 1 2 4 1 2
140     2 1 1 1 1 2 4 2 2 2 2 1 3 2 2 2 2 2 1 3 1 1 2 2 1 2 4 4 1 2 1 1 1 2 4 3 1 1 2 2 1 2 2 1 1 1 1 2 2 1 1 2 3 3 1 1 1 1 1 1 3 4 2 1 2 1 2 1 1 4 1 1 3 3 2 2 1 1 1 1 2 2 2 3 4 2 1 2 2 2 1 1 1 1 2 3 1 2 2 2 2 1 3 4 2 1 1 1 1 3 1 1 1 3 2 2 2 4 1 2
141     2 2 1 1 1 1 2 2 2 2 2 1 3 2 2 1 2 2 1 1 2 3 2 2 1 1 4 1 2 2 1 1 1 1 3 3 1 1 2 1 1 1 2 2 1 2 1 2 2 1 1 2 3 3 1 1 4 1 1 1 1 4 1 2 3 1 1 1 2 3 2 2 2 4 2 2 3 1 2 2 2 2 1 1 1 2 2 1 2 2 1 2 1 2 2 2 2 2 2 2 1 2 4 3 1 1 3 3 2 3 2 2 2 1 2 2 3 1 1 2
142     2 2 1 1 1 1 2 2 2 2 1 1 3 2 2 2 2 2 4 1 2 3 1 2 1 1 4 4 1 2 1 1 1 1 3 3 1 1 3 1 1 1 2 2 1 2 1 1 2 1 2 2 3 3 1 1 4 1 1 1 1 4 1 1 3 1 1 1 1 3 2 2 3 1 2 1 3 1 2 1 2 2 1 1 1 2 2 1 2 2 1 1 2 2 2 2 2 2 2 1 2 2 1 3 1 2 3 3 2 1 1 2 2 3 2 2 3 1 1 2
143     2 1 3 3 1 1 2 2 1 3 2 1 3 3 2 1 2 2 1 1 2 3 1 2 1 2 4 4 1 1 3 4 2 2 3 3 1 1 3 2 1 2 4 1 1 1 1 2 2 1 2 1 3 1 1 1 4 1 1 1 1 1 1 2 4 2 1 2 3 3 2 1 2 3 2 1 3 1 2 1 2 2 1 1 1 2 1 2 2 2 2 2 1 1 3 3 1 2 1 2 2 2 1 1 1 1 3 2 1 2 1 2 1 2 2 2 1 2 1 1
144     1 1 1 3 1 1 4 4 1 1 2 2 3 3 2 1 2 2 3 4 4 3 1 2 1 2 4 4 1 1 3 1 2 1 3 2 1 1 2 2 2 2 2 1 1 1 1 2 1 1 1 1 3 1 1 1 1 2 1 1 1 4 1 1 4 2 1 1 4 2 2 1 2 3 2 1 2 1 2 1 2 1 1 1 1 2 1 2 2 2 1 2 1 1 3 2 1 3 1 2 2 2 1 4 1 1 1 2 1 3 1 2 2 2 2 2 1 2 1 1
145     1 2 3 1 1 1 2 4 1 1 1 2 2 3 2 2 2 1 1 1 2 3 2 2 1 2 4 1 2 1 1 1 1 1 3 4 1 1 1 2 2 1 1 1 1 2 1 1 3 1 2 1 1 1 1 1 2 1 1 1 4 3 1 1 1 2 1 1 2 1 2 2 3 3 2 2 1 1 1 1 2 2 3 1 4 3 2 2 2 1 1 2 1 1 2 3 2 2 2 2 2 2 1 3 1 2 3 3 4 3 1 1 1 1 1 2 4 4 2 2
146     1 2 3 1 1 1 2 4 1 2 1 2 2 3 2 1 2 1 3 1 2 3 2 2 1 2 4 4 1 1 1 1 2 2 3 3 1 1 1 2 2 2 1 2 1 2 1 1 3 1 2 1 3 1 1 1 1 1 1 1 4 3 1 1 2 2 1 1 4 3 1 1 3 3 2 2 1 1 1 1 2 2 3 1 2 1 2 2 2 2 1 1 1 1 2 3 1 2 1 2 2 1 3 4 1 2 3 3 2 1 1 1 1 1 1 2 4 3 2 2
147     1 2 1 1 1 1 4 2 2 3 2 1 3 3 2 1 2 2 1 4 3 2 2 2 2 1 4 4 2 1 1 1 1 2 4 3 1 1 2 3 1 2 2 2 1 2 1 1 2 2 1 2 3 3 1 1 1 1 1 1 4 1 2 1 2 3 1 1 3 2 2 1 3 2 2 2 1 3 1 2 2 2 1 1 4 1 1 2 2 2 1 1 1 2 3 2 1 3 2 2 2 2 3 1 2 1 1 3 2 1 1 1 2 3 2 2 2 1 2 2
148     2 2 1 3 1 1 4 2 2 3 2 1 3 1 2 2 2 2 3 1 1 2 1 1 2 2 4 4 2 2 1 1 1 2 1 3 1 1 1 3 1 1 2 2 1 1 1 1 1 2 1 2 3 3 1 1 1 1 1 1 3 1 2 1 2 2 1 2 4 2 2 1 4 2 2 2 2 3 1 2 2 2 1 2 2 3 2 2 2 2 1 1 1 2 3 2 2 3 2 2 2 2 3 1 2 1 1 3 2 1 1 1 4 2 1 1 2 1 1 2
149     1 2 3 3 2 2 4 2 1 3 2 2 3 2 1 2 1 2 4 1 1 3 2 2 2 2 4 1 1 2 1 4 2 1 3 4 1 2 2 2 1 2 1 1 2 1 1 2 1 1 1 2 4 1 1 1 1 4 1 1 1 1 1 1 1 1 1 1 2 2 1 2 3 3 2 2 1 3 1 1 2 2 2 1 3 1 1 2 2 2 2 2 1 1 3 2 3 1 2 2 1 2 4 3 1 1 4 3 1 2 1 1 1 1 1 2 2 1 1 1
150     1 1 3 1 2 2 4 2 1 3 2 2 2 2 2 2 2 2 1 1 3 3 1 2 2 2 4 1 1 2 1 4 2 1 3 4 1 2 3 2 1 2 1 1 1 1 2 2 3 1 2 2 4 3 1 1 1 4 1 1 1 4 1 2 3 1 2 1 2 4 1 1 3 3 2 2 1 1 1 2 2 1 2 1 3 2 2 2 2 2 2 1 1 1 3 2 2 1 2 2 2 2 4 3 1 1 4 3 1 2 1 1 3 1 1 2 2 4 1 2
151     2 2 1 1 1 2 2 2 1 1 2 1 2 2 2 2 2 2 1 1 1 1 1 2 2 1 4 4 2 1 3 1 1 1 3 3 1 1 2 2 1 2 1 1 1 1 2 2 1 1 2 1 4 1 1 1 2 2 1 2 1 1 2 1 3 2 1 1 3 3 2 2 4 4 2 1 2 3 2 1 2 2 1 2 2 2 1 2 2 1 1 1 1 2 3 2 2 3 1 2 1 1 1 1 2 1 3 3 2 4 2 2 1 1 2 2 2 2 1 2
152     2 1 1 3 1 2 2 2 1 1 1 1 2 1 2 2 2 2 1 1 4 3 2 2 2 1 4 4 2 1 3 1 1 1 3 3 1 2 2 2 1 2 2 1 2 2 2 1 1 1 2 1 4 1 1 1 3 4 1 2 1 4 2 1 4 2 1 1 2 3 1 2 3 1 1 2 2 3 2 1 2 1 2 2 4 1 1 2 2 1 1 2 1 2 3 3 2 3 1 2 1 1 1 1 1 1 1 4 2 3 2 2 1 1 1 2 1 2 1 2
153     2 2 1 1 1 1 4 4 2 3 2 1 3 2 2 1 2 1 4 4 3 3 2 2 1 2 4 4 1 2 1 1 2 1 3 3 1 1 1 2 2 2 1 2 2 1 2 2 1 1 2 2 1 3 1 1 1 1 1 1 4 2 1 1 3 1 1 2 1 2 2 1 4 1 2 1 1 1 1 1 2 2 2 3 2 1 2 2 1 2 1 2 2 2 2 2 2 2 2 1 2 1 4 2 1 1 3 3 3 3 2 1 1 2 1 2 1 1 2 1
154     2 2 1 3 2 1 2 2 2 3 2 1 2 2 2 1 2 1 4 2 2 1 2 2 1 2 4 1 1 2 1 1 2 1 3 3 1 1 1 1 2 2 1 2 2 1 2 2 1 4 2 2 1 2 1 1 1 1 1 1 4 2 2 1 3 1 1 1 1 2 2 1 4 1 2 1 3 1 1 1 2 2 2 1 2 1 2 2 2 2 1 2 1 2 3 3 2 2 2 1 2 1 1 4 1 1 3 3 2 1 2 1 2 2 2 2 4 1 2 1
155     2 2 1 1 2 2 2 2 2 1 2 2 3 2 2 2 2 1 3 2 1 4 2 2 1 1 4 1 2 2 1 3 2 1 3 2 1 2 2 2 1 1 2 4 1 2 1 2 2 2 1 1 3 4 1 1 1 4 1 1 3 1 1 2 1 1 1 1 4 1 1 2 3 3 2 2 1 1 1 1 2 2 3 2 2 2 2 1 2 2 1 1 1 1 3 3 1 2 2 1 1 2 4 1 1 1 1 4 3 3 1 2 3 1 2 2 2 4 1 1
156     2 2 1 1 2 1 2 2 2 1 2 1 2 2 2 2 2 2 3 1 1 4 2 2 2 2 4 1 2 2 1 3 2 1 3 3 1 1 2 2 2 1 2 4 1 2 2 1 2 2 1 1 3 4 1 1 1 4 1 1 3 4 2 2 1 1 1 2 4 1 1 1 3 3 2 2 1 3 1 1 2 1 3 1 4 4 1 1 2 2 1 1 1 1 2 3 2 2 2 2 2 2 3 1 2 1 1 4 3 1 1 2 1 1 2 1 4 1 2 1
157     1 1 3 3 1 1 4 4 1 1 1 1 2 3 2 2 2 2 1 1 3 4 2 1 1 2 4 4 1 1 1 1 2 2 3 3 1 1 1 1 1 2 1 1 2 1 1 2 1 1 2 1 2 4 1 1 1 1 1 1 4 4 2 1 1 2 1 1 2 3 2 2 4 3 2 1 3 3 1 1 2 1 2 2 1 2 1 2 1 2 2 2 1 1 3 3 3 2 2 2 1 1 1 1 2 1 3 3 2 3 2 1 1 1 1 1 1 1 2 1
158     2 2 3 1 1 1 4 4 1 2 1 2 3 2 2 2 2 2 1 1 3 1 2 2 1 2 4 4 1 2 1 1 2 2 3 3 1 1 1 1 1 2 1 1 2 1 1 2 1 1 1 1 3 4 1 1 4 1 1 1 4 4 2 1 1 2 1 1 2 3 2 2 3 1 1 2 3 3 1 1 1 1 2 2 1 3 2 2 2 2 1 1 1 1 2 3 2 1 2 2 1 1 1 1 1 1 3 4 2 4 2 1 1 1 1 1 2 1 2 2
159     1 2 3 2 1 2 4 2 1 1 1 2 2 3 2 2 2 1 1 4 2 1 2 2 1 2 4 4 1 2 1 1 1 1 3 4 1 1 2 2 1 2 2 1 2 1 1 1 2 1 1 2 2 2 1 1 1 1 1 2 3 1 1 1 3 2 1 2 3 3 2 1 2 3 2 2 1 1 1 1 2 2 2 1 2 1 1 1 2 1 1 2 1 1 3 3 3 3 2 2 2 1 1 4 1 2 1 2 1 2 2 2 2 1 2 2 1 2 1 1
160     2 1 3 3 1 1 2 4 1 2 1 2 3 3 2 2 1 2 3 1 4 1 2 2 2 2 4 1 1 2 1 1 1 1 3 3 1 1 2 2 1 1 2 1 2 2 1 2 2 1 1 1 2 1 1 1 1 1 1 2 3 1 1 1 3 3 1 1 3 3 2 1 2 3 2 2 1 1 1 1 2 2 2 1 3 1 1 1 2 1 1 2 1 1 3 2 3 3 2 2 1 1 2 4 1 2 3 2 1 2 2 2 2 1 2 2 1 2 2 1
161     2 1 1 3 2 2 2 2 2 1 2 2 3 2 2 2 1 1 2 4 1 3 2 2 1 2 4 1 2 1 1 1 2 1 3 4 2 1 2 2 1 2 2 1 2 2 2 1 2 1 1 2 3 1 1 1 4 1 1 1 3 1 1 1 1 1 1 1 4 2 1 2 3 3 2 2 1 1 1 1 2 2 2 1 2 3 1 1 2 2 1 2 1 1 3 2 2 3 1 2 2 2 1 4 1 1 1 3 3 1 2 1 3 1 2 2 2 2 1 1
162     2 1 1 3 2 2 2 4 1 3 2 2 2 2 2 2 2 1 3 1 1 3 2 2 1 2 1 4 2 2 1 4 2 1 3 4 1 1 2 2 1 1 2 1 2 2 2 1 2 1 1 1 4 4 1 1 1 4 1 1 1 1 1 1 1 1 1 1 1 2 2 1 3 3 2 2 1 3 1 1 2 2 3 2 2 1 2 2 2 2 1 2 1 1 3 3 1 3 1 2 2 1 1 4 1 1 1 3 3 2 1 1 3 1 2 1 4 2 1 1
163     2 2 1 1 1 2 2 2 1 1 2 1 2 2 2 2 1 2 1 3 2 4 2 2 1 2 4 1 1 2 1 3 1 1 3 3 1 1 1 2 2 2 1 2 2 1 1 1 3 2 2 1 1 4 1 1 1 4 1 1 3 3 1 2 1 1 1 1 2 4 2 1 3 3 2 2 1 1 1 1 2 2 1 1 3 4 2 1 2 2 1 1 1 1 3 3 2 2 2 2 2 2 3 3 2 2 3 1 3 3 1 1 1 1 1 1 4 4 2 2
164     2 2 1 1 1 1 4 2 1 2 1 2 2 2 2 2 1 2 1 3 3 4 2 2 2 2 1 4 1 2 1 1 1 2 4 3 1 1 2 2 1 1 1 4 2 2 1 1 1 2 1 1 1 4 1 1 1 4 1 1 4 4 1 2 1 1 1 1 1 4 2 1 3 3 2 2 1 3 1 1 2 1 3 1 4 4 2 1 2 2 1 1 1 1 2 3 2 2 2 2 2 2 1 3 2 1 3 4 4 3 1 1 1 1 1 2 4 1 2 1
165     1 1 3 1 1 1 4 2 1 1 1 1 3 3 2 1 1 2 4 3 1 3 2 2 1 1 4 4 2 1 1 1 1 2 3 3 1 1 2 2 1 2 2 1 1 1 1 1 1 3 2 2 2 3 1 1 1 1 1 1 3 3 1 1 2 2 2 1 3 3 2 1 3 3 2 2 1 1 1 1 2 2 2 1 2 1 1 2 2 2 1 1 1 1 3 3 3 1 2 1 2 2 1 3 2 2 2 3 1 1 2 1 1 1 2 2 1 4 1 2
166     2 2 2 1 2 1 2 4 1 2 2 2 3 2 2 2 2 1 1 1 1 3 2 2 2 2 4 4 1 1 1 1 1 2 4 3 1 1 2 2 1 2 2 1 2 1 1 1 1 1 2 1 2 1 1 1 1 1 1 1 1 4 1 1 2 2 2 1 3 3 1 1 3 3 2 2 1 1 1 1 2 2 2 1 2 1 1 2 2 2 1 1 1 1 3 2 3 1 2 1 2 1 1 3 1 2 1 3 2 2 2 1 1 1 2 2 2 3 1 2
167     2 2 1 1 1 1 4 2 2 2 2 1 3 3 2 2 1 2 4 1 3 3 2 2 2 1 4 4 1 1 1 1 2 1 3 3 1 1 2 3 2 1 1 2 1 1 2 1 1 2 2 2 1 3 1 1 1 1 1 1 4 1 1 1 3 1 1 1 2 3 1 2 1 1 1 1 1 3 1 2 2 2 2 1 2 2 2 1 1 2 1 1 2 2 2 2 2 2 1 2 2 2 4 3 1 2 3 3 3 2 1 1 1 3 2 2 1 1 1 2
168     2 2 1 1 1 1 4 2 3 2 1 1 3 3 2 2 1 2 4 4 3 3 2 2 1 1 4 4 1 2 1 1 1 1 3 3 1 1 2 3 2 1 1 2 2 2 2 1 1 2 2 2 3 3 1 1 1 1 1 1 4 4 1 1 1 1 2 1 2 1 1 2 1 3 1 2 1 3 1 2 2 2 3 1 1 1 2 2 2 2 2 1 2 2 2 2 2 2 2 2 2 2 4 3 1 2 3 3 3 2 2 1 1 3 1 2 1 1 2 2
169     1 2 1 3 2 1 4 4 3 1 2 1 2 2 2 2 2 2 1 1 3 1 2 2 2 2 4 4 2 1 4 1 1 2 4 3 1 1 3 1 2 1 1 1 1 1 2 2 1 1 2 1 3 3 1 1 1 1 1 1 4 4 1 2 3 2 2 1 2 3 1 2 3 3 2 1 1 3 1 1 1 1 1 2 3 1 2 2 2 2 2 1 1 1 2 3 1 2 2 2 2 1 3 1 1 1 4 4 1 4 1 1 1 1 2 1 2 1 1 2
170     1 2 3 1 2 1 2 4 3 2 2 2 2 3 2 2 2 2 1 1 3 1 1 2 2 1 1 4 2 2 4 1 2 2 3 3 2 1 2 1 2 2 1 1 1 1 2 2 1 1 2 1 3 4 1 1 1 4 1 1 4 4 2 2 1 1 1 1 2 3 1 2 3 1 2 2 1 3 1 1 1 1 1 2 3 3 2 2 2 2 2 1 1 1 2 3 2 2 2 2 2 1 4 1 1 1 4 4 1 4 1 1 1 1 2 1 2 2 1 2
171     1 2 3 3 1 1 2 2 1 3 2 1 3 2 2 2 2 1 1 2 3 1 2 2 1 1 4 4 1 2 3 1 2 1 3 3 1 1 3 1 2 2 1 2 1 1 2 2 1 1 1 2 3 1 1 1 1 1 1 1 1 2 2 2 2 3 2 1 3 2 2 1 2 1 2 1 3 1 2 1 2 2 1 1 2 2 2 2 2 2 2 1 1 1 3 3 2 2 2 2 2 2 1 1 1 1 3 3 2 1 2 1 2 2 2 2 2 1 1 1
172     2 2 3 1 1 2 2 2 1 2 2 2 3 2 2 2 2 1 1 2 2 1 1 2 1 1 4 4 1 2 4 1 2 2 3 3 1 1 3 1 1 2 4 2 1 2 2 2 1 1 1 2 1 1 1 1 1 1 1 1 1 2 1 2 4 3 1 1 3 1 1 1 3 1 1 1 3 1 2 1 2 2 1 1 1 1 1 2 2 2 2 2 1 1 3 3 1 2 1 2 2 2 1 1 1 1 2 3 1 1 2 1 2 2 2 2 2 1 1 1
173     2 2 1 1 1 1 2 2 1 3 1 1 1 1 2 2 2 2 1 1 3 2 2 1 1 2 4 4 2 2 3 1 1 1 3 1 2 1 2 3 2 1 1 2 2 1 1 1 1 1 1 2 4 3 1 1 4 1 2 1 1 3 2 2 2 2 1 1 3 2 2 1 1 4 2 2 3 3 1 1 1 2 2 2 4 2 1 2 2 2 1 1 2 1 3 3 2 2 1 2 1 2 1 1 1 2 1 1 3 1 2 1 1 4 2 1 1 1 1 2
174     1 2 3 3 1 1 2 2 1 2 1 2 1 1 2 2 2 2 1 3 4 2 2 1 2 2 4 4 1 2 1 1 1 1 3 1 2 1 2 1 1 1 2 2 2 1 1 1 1 2 1 2 1 3 1 1 4 1 2 1 1 1 2 1 2 2 1 2 3 4 1 2 3 4 1 2 3 2 2 1 2 2 2 2 1 2 2 2 2 2 1 1 2 2 3 3 2 2 1 2 1 2 1 3 1 1 4 3 2 2 2 1 1 4 2 1 2 1 2 2
175     1 2 3 1 1 2 2 2 1 1 1 2 3 2 2 2 2 2 1 1 1 1 2 2 2 1 1 4 2 1 1 1 1 1 3 3 1 1 2 2 1 1 2 1 2 1 1 2 2 1 1 1 1 4 1 1 1 2 2 1 1 1 1 1 3 3 1 1 3 3 1 2 3 4 2 2 1 2 1 2 2 2 2 2 3 2 1 1 1 1 2 1 1 1 3 3 3 2 2 2 1 1 4 1 2 2 2 3 1 2 2 2 2 1 2 2 1 2 2 2
176     1 2 3 1 1 2 2 2 2 1 2 2 3 2 2 2 1 2 3 1 1 1 2 2 2 1 1 4 2 1 1 1 1 1 3 3 1 1 2 2 1 2 2 1 2 1 1 2 1 1 1 2 1 4 1 1 1 2 2 1 3 1 1 2 3 2 1 1 3 3 1 2 2 4 2 2 1 2 1 2 2 2 1 2 1 2 1 1 2 1 1 1 1 1 2 3 3 2 2 1 1 1 2 1 2 1 2 3 2 2 2 2 1 1 2 2 2 2 1 1
177     1 2 1 1 1 1 4 2 2 2 2 1 3 2 2 1 2 2 1 1 2 3 2 2 1 1 4 4 1 2 1 1 2 1 3 3 1 1 3 1 2 1 2 2 1 2 1 1 2 1 2 2 3 3 1 1 1 1 1 1 4 1 2 1 2 1 1 1 2 2 1 2 3 2 2 2 3 3 2 2 2 2 1 1 1 1 2 2 2 2 1 2 1 2 3 2 3 2 2 2 2 2 3 3 1 1 3 3 1 2 1 2 2 1 2 2 1 3 2 1
178     1 2 1 1 1 1 2 2 2 2 2 2 3 2 2 1 2 2 1 1 3 3 2 2 1 1 4 1 1 2 1 1 2 1 3 3 1 1 2 2 2 1 2 2 1 2 1 2 2 1 2 2 3 3 1 1 1 1 1 1 4 4 2 2 3 1 1 1 2 3 1 2 2 4 2 2 3 3 2 2 2 2 1 1 4 1 1 2 2 2 1 2 1 2 3 2 1 2 2 2 2 2 3 4 2 1 1 3 2 3 1 2 3 1 2 2 1 1 2 2
179     1 1 3 1 1 1 4 4 1 1 1 2 2 3 2 2 2 2 1 3 4 3 1 2 2 1 4 4 1 1 1 1 2 1 3 2 1 1 1 2 1 2 1 2 1 1 2 2 1 1 1 1 2 3 1 1 1 1 1 1 4 1 2 1 1 4 1 1 3 4 2 1 4 2 2 2 3 1 1 1 2 2 2 1 2 2 2 2 2 2 2 1 1 1 3 3 2 3 2 2 1 2 1 4 1 1 3 2 2 3 2 2 1 2 1 2 1 2 2 1
180     1 1 3 3 1 1 4 4 1 1 1 2 3 3 2 1 2 2 1 4 3 3 2 2 1 1 4 4 1 1 1 3 2 1 3 2 1 1 1 2 1 2 1 2 2 1 1 2 1 1 1 1 2 1 1 1 1 1 1 1 4 4 1 1 2 2 1 1 2 2 2 1 3 2 1 2 3 1 1 2 1 1 2 1 2 2 2 2 2 2 2 2 1 1 3 3 2 1 2 1 1 2 1 1 1 1 3 2 2 1 2 1 1 2 1 2 1 2 2 1
181     2 1 1 3 1 1 2 2 2 2 1 2 3 3 2 2 1 1 4 3 3 1 2 2 1 1 4 4 2 1 1 1 1 1 3 3 1 1 3 2 1 2 2 1 2 1 1 2 1 1 2 2 3 4 1 1 1 2 1 1 4 3 1 1 1 2 2 1 1 3 2 1 1 4 1 2 1 1 1 1 2 2 1 2 1 2 2 1 2 1 2 1 2 1 2 2 2 2 2 2 2 1 4 2 1 2 3 2 2 2 1 2 3 1 2 2 1 2 2 1
182     2 1 1 3 1 1 4 2 3 1 1 2 3 3 2 2 2 1 4 3 3 1 2 2 1 1 4 4 1 2 1 1 1 1 3 3 1 1 3 2 1 1 1 2 2 1 1 1 2 1 2 1 3 4 1 1 1 1 1 2 4 3 1 1 1 3 2 1 2 3 1 1 3 2 2 2 3 2 2 2 2 2 1 2 1 1 2 1 2 2 2 1 2 1 2 3 2 3 2 2 2 1 3 2 1 2 3 2 3 2 1 2 3 1 2 2 1 2 2 1
183     1 2 1 2 1 1 4 4 1 1 1 2 3 3 2 2 2 2 1 1 4 1 1 2 2 2 4 4 1 1 1 1 2 2 3 3 1 1 1 2 1 1 1 2 1 1 2 1 1 1 1 1 3 2 1 1 1 1 1 1 1 1 1 1 1 2 1 2 4 3 1 1 4 3 2 2 3 1 1 1 2 2 2 2 2 1 2 2 2 2 2 1 1 1 3 3 3 1 2 1 1 2 1 1 1 1 2 1 3 2 2 2 2 1 1 2 1 2 2 1
184     1 2 3 2 1 2 4 2 1 2 2 2 3 3 2 2 2 1 1 1 4 3 1 2 1 2 4 4 1 1 1 1 1 2 2 3 1 1 2 2 2 1 2 2 1 2 2 1 1 1 1 2 2 2 1 1 1 1 1 1 4 1 1 1 1 2 1 2 3 3 2 1 2 3 2 2 3 1 1 1 2 2 1 2 2 2 2 2 2 2 2 1 1 1 3 2 2 3 2 1 1 1 1 3 1 2 3 3 2 2 2 2 1 1 1 2 1 3 2 2
185     2 1 1 3 1 1 2 4 1 1 1 2 2 3 2 2 2 2 3 1 4 3 2 2 1 1 1 4 2 1 3 1 1 1 3 2 1 1 1 1 2 2 2 1 2 2 1 1 3 1 2 1 4 1 1 1 1 1 1 1 3 4 1 1 1 2 1 1 4 2 1 2 3 2 2 1 1 1 1 1 2 1 1 2 3 2 2 2 2 2 1 2 1 1 3 3 2 2 2 2 2 1 3 1 2 1 1 3 3 2 1 2 1 1 1 1 4 1 2 2
186     2 1 1 3 2 1 2 4 1 1 1 1 2 3 2 2 1 2 1 1 2 3 2 2 1 1 1 4 1 1 1 1 1 1 3 2 1 1 2 2 2 2 1 1 1 1 1 2 2 1 1 1 1 2 1 1 1 1 1 1 3 4 1 1 1 2 1 1 2 2 2 2 3 3 2 1 1 1 1 2 2 1 1 2 3 2 2 2 2 2 1 2 1 1 3 3 2 1 2 1 2 1 3 1 2 1 3 2 3 1 1 1 1 1 1 2 4 2 2 1
187     2 2 1 1 1 2 2 2 2 2 2 2 3 3 2 2 2 1 1 2 3 1 2 2 2 1 4 4 1 1 1 1 2 1 3 4 1 1 3 2 2 1 1 1 1 2 2 2 2 2 2 1 1 1 1 1 1 4 1 1 4 1 1 1 1 1 1 1 2 4 1 1 1 3 1 2 1 1 1 1 2 2 2 1 2 2 1 1 1 2 1 1 2 1 2 2 2 2 2 1 2 2 3 1 2 1 3 3 3 3 1 2 3 3 2 2 1 2 2 1
188     2 1 1 3 1 2 4 2 2 2 1 2 3 2 2 2 2 1 1 2 3 1 2 2 2 1 4 4 1 2 1 1 1 2 3 3 1 1 3 2 2 2 1 2 1 2 2 2 1 1 2 2 3 1 1 1 1 1 1 1 1 1 1 1 3 1 1 1 2 4 1 1 1 3 1 2 1 1 1 1 2 2 1 2 2 3 1 1 1 2 1 2 2 1 2 3 2 3 1 2 2 2 4 4 2 1 3 1 3 3 1 1 1 1 2 2 1 2 2 1
189     2 2 1 1 2 1 2 2 3 2 2 2 2 3 2 2 2 1 3 2 3 1 2 1 1 1 1 4 2 1 1 4 1 2 4 3 1 1 2 1 1 2 2 2 2 2 2 2 2 1 1 1 4 1 1 1 4 1 1 1 1 1 1 2 1 3 1 1 2 3 1 1 3 1 2 1 1 1 1 1 2 2 3 1 2 1 2 1 2 2 1 2 1 1 3 3 3 2 2 2 1 2 4 1 1 1 1 2 2 1 1 2 3 2 2 2 4 2 1 1
190     2 2 3 3 2 2 2 2 1 1 2 2 2 3 2 2 1 1 1 2 1 1 2 2 1 1 1 4 2 1 1 4 1 2 4 3 1 1 2 3 1 2 2 2 2 2 1 2 2 1 1 1 4 1 1 1 1 1 1 1 1 1 1 1 1 4 1 1 2 1 1 1 3 3 2 1 1 3 1 2 2 2 2 1 2 1 2 1 2 2 1 2 1 1 3 3 3 1 2 1 2 2 1 1 1 1 3 2 3 1 1 1 3 2 2 2 2 1 1 1
191     2 1 3 3 1 1 2 2 1 2 2 2 2 1 2 2 1 2 2 3 3 2 2 1 1 2 4 4 1 2 3 1 2 1 3 1 1 2 3 2 2 1 2 2 1 1 2 1 1 2 2 2 3 1 1 1 1 1 1 1 2 1 2 1 3 2 1 2 3 4 2 2 1 3 1 1 3 2 2 1 2 2 1 2 2 1 2 2 2 2 2 1 1 2 3 3 2 2 2 2 2 2 1 1 1 1 3 4 1 2 2 2 2 4 2 1 1 1 1 2
192     2 2 3 3 1 1 2 2 3 2 1 2 2 1 2 2 2 2 1 1 3 2 2 1 1 2 4 4 1 2 3 1 1 1 3 1 1 2 3 1 2 1 1 2 1 1 2 1 1 2 1 2 3 1 1 1 1 4 1 2 1 1 2 1 2 2 2 1 3 3 1 1 2 3 2 1 1 3 1 1 2 2 1 2 2 2 2 2 2 2 2 1 1 2 3 3 2 2 2 2 2 2 1 3 1 1 3 4 1 2 1 2 2 1 2 2 1 1 1 2
193     2 2 1 1 1 1 2 4 1 2 1 1 2 2 2 1 1 2 3 1 3 2 2 2 2 1 4 4 1 1 1 1 1 2 4 3 1 1 2 1 1 2 1 2 2 1 1 1 2 1 1 2 1 3 1 1 1 1 1 1 4 4 1 2 1 1 1 1 1 2 2 1 3 2 2 2 3 3 1 2 2 2 3 1 4 1 2 2 2 2 1 2 1 1 3 3 2 2 2 2 2 2 1 3 2 1 3 3 3 1 1 2 1 2 2 2 1 1 1 2
194     2 1 1 1 1 1 2 4 2 2 2 1 2 2 2 1 1 2 1 1 3 2 2 2 2 1 4 4 1 1 1 1 1 2 4 3 1 1 2 1 1 1 4 2 2 1 1 1 1 1 1 2 1 3 1 1 4 1 1 1 4 4 2 2 1 1 1 1 1 2 1 2 3 3 2 2 1 3 1 2 2 2 3 1 4 1 1 2 2 2 1 1 1 2 2 2 2 3 2 2 2 2 3 3 1 1 4 3 3 1 1 1 1 1 2 2 1 3 1 1
195     1 2 1 1 1 1 4 2 1 1 1 1 3 2 2 2 2 2 3 1 3 1 2 2 1 2 4 1 2 1 1 1 2 1 3 3 1 1 2 2 2 1 1 1 1 2 1 1 3 2 2 1 3 4 1 1 1 1 1 2 3 1 1 1 2 3 1 1 3 3 1 1 3 4 2 2 1 1 1 2 2 2 2 2 2 3 1 1 2 1 1 2 1 1 3 3 1 3 1 2 2 1 1 4 2 2 2 3 1 2 1 2 1 1 2 2 4 2 2 2
196     1 2 1 3 1 2 2 2 1 1 1 1 3 2 1 2 1 2 4 1 1 1 2 2 1 1 4 4 2 2 1 1 1 1 3 3 1 1 2 2 2 1 1 2 1 1 1 2 3 1 2 1 2 4 1 1 1 1 1 2 3 1 1 1 2 3 1 1 3 3 2 1 3 3 2 2 1 1 1 1 2 2 1 2 2 3 1 1 2 1 1 1 1 1 3 3 3 2 2 2 2 1 1 1 2 2 2 2 1 2 2 2 1 1 2 2 4 2 2 2
197     2 2 1 3 1 1 2 4 1 3 1 2 1 2 2 2 2 2 1 1 3 3 2 2 1 2 4 4 2 2 3 4 1 1 1 4 1 1 3 1 1 2 2 1 1 1 1 2 1 1 1 2 3 3 1 1 1 1 1 1 1 4 2 2 2 2 1 1 2 2 1 2 1 3 2 2 3 3 1 1 2 1 2 1 4 3 1 2 2 2 1 2 2 1 3 2 2 1 1 2 1 2 1 3 1 1 1 4 1 1 2 1 4 1 1 1 1 2 1 1
198     2 1 1 1 1 2 2 4 3 3 1 2 1 2 2 2 2 2 1 1 2 1 1 2 1 2 4 4 2 2 1 4 1 2 3 3 1 1 3 1 2 2 1 1 2 1 1 2 1 1 1 2 4 3 1 1 1 1 2 1 3 4 2 1 2 3 1 1 3 2 2 1 1 3 2 1 3 1 1 1 1 1 2 1 4 3 1 2 2 2 1 2 1 1 3 2 2 2 1 2 1 1 1 1 1 1 1 4 3 1 2 1 1 1 2 1 1 2 2 1
199     1 1 1 3 1 1 2 4 2 2 2 2 2 2 1 2 2 2 1 1 3 3 2 1 1 1 4 4 2 2 1 1 2 2 3 3 1 2 2 2 1 2 2 1 1 1 1 2 1 1 2 1 3 4 1 1 1 1 1 1 4 4 2 2 1 1 1 1 2 2 1 1 4 1 2 2 3 3 2 1 2 1 1 2 1 3 2 2 2 2 1 2 2 1 2 2 2 2 2 2 2 1 3 4 1 1 3 4 3 4 2 1 1 1 2 2 1 2 2 1
200     2 1 1 1 1 2 2 2 2 2 2 2 2 2 1 2 2 2 1 1 3 3 2 1 1 1 1 4 1 2 1 1 1 2 3 3 1 2 2 2 1 2 2 1 1 1 1 2 2 1 2 2 3 3 1 1 1 4 1 1 4 4 2 2 1 1 1 1 2 3 1 2 2 1 2 2 3 1 2 1 2 1 1 1 4 3 1 2 2 2 2 1 1 1 3 3 2 2 2 2 2 1 3 1 2 1 1 4 3 1 2 1 1 1 2 1 1 2 2 1
201     2 2 1 1 2 1 2 4 2 1 2 1 2 2 2 2 1 2 2 1 3 3 2 2 2 1 4 4 1 2 1 4 2 1 3 1 1 1 3 1 2 1 1 2 2 1 2 1 1 1 2 2 3 3 1 1 1 1 1 1 1 4 1 2 1 2 1 1 2 2 1 2 3 1 2 2 1 3 1 1 2 2 2 2 2 4 1 1 2 2 2 2 2 1 2 3 3 1 2 1 2 2 4 1 2 1 3 1 3 1 1 2 1 4 2 1 2 1 1 1
202     2 2 3 1 1 1 4 2 2 1 2 2 2 1 2 2 2 2 1 1 3 3 2 2 2 1 4 4 2 2 1 3 1 1 3 1 1 1 2 3 2 1 1 2 1 1 2 1 1 1 2 2 3 3 1 1 1 1 1 1 1 1 1 2 3 2 1 1 2 2 1 1 1 1 2 2 1 3 1 1 2 1 2 1 3 3 1 2 2 2 2 1 2 1 2 2 3 2 2 2 2 2 4 3 1 1 1 4 3 1 1 2 1 1 2 1 2 2 1 1
203     2 2 3 1 1 1 2 2 2 2 2 2 1 3 2 2 2 2 3 3 2 1 1 1 2 1 4 4 1 2 3 1 1 2 1 3 1 1 3 1 1 2 2 2 1 2 1 2 2 1 2 1 3 4 1 1 1 4 1 1 1 1 1 1 3 1 2 1 3 2 2 1 3 3 1 2 3 1 1 1 2 2 2 3 2 2 2 2 2 2 1 2 1 1 3 3 2 3 2 2 2 1 1 4 1 1 4 1 2 1 2 1 4 2 1 2 1 2 2 1
204     1 2 3 1 1 1 2 2 1 2 2 2 1 2 2 2 2 1 3 2 3 3 2 2 1 1 4 1 2 1 1 4 1 2 1 3 1 1 2 2 1 2 2 2 1 2 1 2 1 2 2 1 1 1 1 1 1 1 1 1 2 1 2 2 2 1 2 1 3 2 2 1 1 3 1 2 2 1 1 1 2 2 1 3 1 2 2 2 2 2 2 2 1 1 3 3 2 2 2 2 2 2 1 1 1 1 4 2 1 1 2 2 2 3 2 2 1 4 1 1
205     1 2 3 3 1 1 4 2 1 3 1 1 2 3 2 2 2 2 3 4 3 3 2 2 1 1 1 4 2 1 3 1 1 1 3 3 1 1 1 2 2 1 1 1 2 2 1 1 1 2 1 2 1 4 1 1 1 1 1 1 3 3 1 1 2 1 1 2 4 3 1 1 3 3 2 2 1 3 1 2 2 2 1 1 2 1 2 2 2 2 1 2 1 1 3 3 2 2 2 2 2 2 3 3 2 2 1 2 2 3 2 2 1 1 1 2 1 1 2 2
206     1 2 3 1 1 1 2 4 1 1 2 2 2 3 2 2 2 2 3 4 4 3 2 2 1 1 1 4 1 1 1 1 1 1 2 3 1 1 1 3 2 1 2 1 2 2 1 1 3 2 2 2 1 4 1 1 1 1 1 2 3 3 1 1 1 3 1 1 4 3 1 1 2 2 2 2 1 3 1 2 2 2 1 2 3 1 2 1 2 2 1 1 1 1 3 2 2 2 2 2 1 2 1 3 1 2 3 2 3 3 1 1 1 3 1 2 1 1 2 2
207     2 2 1 3 1 1 4 2 2 2 1 2 2 2 2 2 2 2 1 1 2 3 2 2 2 1 4 4 1 1 1 3 2 1 3 3 1 2 1 3 1 2 1 2 1 1 1 2 2 1 1 1 1 3 1 1 1 1 1 1 4 1 1 2 1 2 1 1 2 3 1 1 3 2 2 2 3 3 2 1 2 2 3 1 4 2 2 2 2 2 1 1 1 1 3 3 2 2 2 2 2 2 3 3 1 1 3 4 1 2 2 2 1 1 2 2 1 1 1 2
208     2 2 1 3 1 1 2 2 1 2 1 2 2 2 2 2 2 2 1 1 2 2 2 1 2 2 4 4 1 2 1 1 1 1 4 3 1 1 1 3 1 2 1 2 1 1 1 2 2 2 1 1 3 1 1 1 1 1 1 1 4 1 1 2 1 2 1 1 2 3 1 1 3 2 2 2 3 3 1 1 2 2 1 2 1 2 2 2 2 2 1 2 1 1 3 3 2 2 2 2 2 2 1 1 2 1 3 3 3 1 1 1 2 1 2 2 1 1 1 2
209     1 2 1 1 2 2 2 2 2 2 2 2 2 3 1 2 2 2 1 1 3 3 2 2 1 1 1 4 2 1 1 1 1 2 3 3 1 1 2 2 1 1 1 1 1 1 2 2 1 2 2 2 3 1 1 1 4 4 1 1 4 4 2 1 1 1 1 1 2 4 1 1 2 3 2 2 3 1 2 1 2 2 1 1 4 2 2 1 2 1 2 1 1 1 3 2 2 2 2 1 1 2 1 3 2 1 1 3 3 3 2 1 1 3 2 2 2 2 1 1
210     1 2 1 1 1 1 2 2 2 2 2 2 2 3 1 2 2 2 1 1 3 1 1 2 1 2 1 4 2 1 1 1 1 1 3 4 2 1 2 3 1 2 2 1 1 1 1 2 1 2 2 2 3 1 1 1 4 1 1 1 4 1 2 1 1 1 1 1 3 4 2 1 2 1 2 1 3 1 2 1 2 2 1 2 3 2 2 1 2 1 2 1 1 1 3 2 2 2 2 2 2 2 3 3 1 1 4 3 3 3 2 2 1 3 1 2 1 1 2 2
211     1 2 3 1 1 1 4 4 1 1 1 1 3 2 2 2 1 2 1 1 2 1 2 2 1 1 1 4 1 2 1 1 1 1 3 3 1 1 2 2 2 1 1 1 1 1 1 1 1 3 1 2 1 3 1 1 1 1 1 2 3 3 1 1 1 2 1 1 2 3 2 1 3 4 1 2 1 1 1 1 2 2 1 2 2 2 2 1 2 2 1 2 1 1 3 3 1 1 1 1 2 2 3 1 1 2 2 3 3 1 1 1 1 1 2 2 4 2 2 2
212     1 2 3 1 1 1 4 4 1 1 1 1 3 2 2 2 1 2 1 3 2 3 2 2 1 2 1 1 1 1 1 1 1 2 3 3 1 1 2 2 2 2 1 1 1 1 2 1 2 3 1 2 1 4 1 1 1 1 1 1 4 3 1 1 1 2 1 1 2 3 2 1 3 4 1 2 1 1 2 1 1 2 2 2 2 2 2 1 2 1 2 2 1 1 3 3 1 3 2 2 1 2 1 1 2 2 3 2 3 2 1 1 1 1 2 2 2 2 2 2
213     1 2 1 2 1 2 2 2 2 2 2 2 2 3 2 2 2 1 1 1 3 3 2 2 1 2 4 4 2 1 1 1 2 1 3 2 2 1 2 2 2 1 1 2 1 1 1 2 1 1 2 2 3 2 1 1 1 1 1 1 4 4 2 1 1 1 1 1 2 3 1 1 4 2 2 2 3 3 1 1 2 2 1 2 3 2 2 2 2 2 1 2 2 1 2 3 2 2 2 2 1 1 4 1 1 1 3 3 3 2 2 2 1 1 2 1 2 3 1 2
214     1 1 1 2 1 1 4 4 2 2 2 2 2 3 1 2 2 1 1 1 3 3 2 2 1 1 4 4 2 1 1 1 2 2 3 3 1 1 2 2 1 1 2 2 1 1 2 2 1 1 2 1 3 2 1 1 1 1 1 1 4 1 2 1 1 2 1 2 2 3 1 1 4 3 2 2 3 3 2 1 1 2 2 2 1 2 2 2 2 2 1 1 1 1 2 2 2 3 2 2 2 1 3 3 1 1 4 3 4 2 2 2 1 1 2 1 2 3 1 2
215     1 1 3 1 1 1 2 4 2 1 2 1 3 3 2 2 1 2 4 1 1 1 2 1 1 2 4 4 2 1 1 1 1 2 3 3 1 1 3 2 2 1 1 2 1 1 2 1 1 1 2 1 3 2 1 1 2 1 1 1 4 1 1 1 1 1 2 1 1 3 2 1 1 4 1 2 1 1 1 1 2 2 2 2 1 2 2 2 1 2 1 1 2 1 2 3 2 1 2 2 1 1 4 1 2 1 2 2 2 3 2 2 3 2 2 1 2 1 1 2
216     2 2 1 2 1 1 2 4 2 1 2 1 3 3 2 2 1 2 4 1 1 1 2 2 1 2 4 4 1 1 1 1 1 2 3 3 1 1 3 2 1 1 2 2 1 1 2 1 1 1 2 1 3 3 1 1 2 1 1 1 4 1 1 1 1 2 2 2 3 3 1 1 4 3 2 2 1 3 1 1 2 2 2 2 2 1 1 2 1 2 1 1 1 1 2 3 2 1 2 1 2 1 4 1 1 1 3 2 2 3 2 2 3 2 2 1 1 1 2 2
217     1 2 1 3 1 2 2 2 3 1 2 2 2 3 2 2 2 1 1 1 1 1 2 2 2 1 4 4 2 1 1 4 1 2 3 3 1 1 1 3 2 2 1 2 2 2 1 2 1 2 1 1 4 1 1 1 1 1 2 1 3 1 2 1 2 1 1 1 3 2 2 1 1 3 2 2 1 3 1 2 1 2 1 2 3 2 2 2 2 2 1 2 1 1 2 3 2 3 1 2 1 2 1 1 1 1 1 3 1 1 1 1 1 3 2 2 2 2 1 1
218     2 2 1 3 2 2 4 2 3 1 2 2 2 3 2 2 2 1 1 2 2 1 1 2 1 1 4 1 2 2 4 1 2 1 3 4 1 1 1 3 2 1 1 2 1 2 2 2 1 1 2 1 4 1 1 1 1 1 1 1 4 1 2 1 2 4 1 1 3 1 2 1 3 3 1 2 3 1 1 1 1 2 1 1 4 1 1 2 2 2 1 2 1 1 2 3 2 3 1 2 1 2 1 1 1 1 4 3 3 3 2 1 1 3 1 2 1 2 2 1
219     1 1 1 3 1 1 4 2 2 1 2 1 2 2 1 2 1 2 1 1 3 1 2 2 2 1 4 4 1 2 1 1 2 1 3 3 1 1 1 2 1 1 2 1 2 1 1 1 1 1 2 1 3 4 1 1 1 1 1 1 4 3 2 1 1 3 1 1 2 3 2 2 3 3 2 2 1 1 1 1 2 2 3 1 1 3 2 1 2 2 1 1 2 1 2 3 3 3 2 2 2 1 3 1 1 2 3 2 3 2 1 2 1 1 2 2 3 4 1 2
220     2 2 1 1 1 2 4 2 2 1 1 1 2 3 1 1 1 1 1 4 2 1 2 2 1 1 4 4 1 2 1 1 2 1 3 3 1 1 2 2 1 2 4 1 1 1 1 2 1 1 1 1 3 2 1 1 4 1 1 1 4 1 2 1 1 2 1 1 2 3 2 1 3 3 2 2 3 1 1 1 2 2 3 1 4 3 1 1 2 1 1 1 1 1 2 3 3 2 2 2 2 1 3 1 1 2 3 2 1 1 1 2 1 1 2 2 1 2 1 2
