State vector for MT19937:
  1455171348   3602425930   4008211919   4048856447   1498981872   3864949018    293076963   3749539734
   910607057   3353589118   1801551707   4262750349   3991092754   1431672258   3560861949   1712095813
   880920804   3656533509    372823664   1279167043    746053150   1811591147   1232183656   2132074372
  2273139857    386216216   1408906898   2331063066   1797849236    412088294   2344674268   1075688629
   307797796    874319189   1424736171   2688194613   4027874519   2293150665   4189164093   2986598557
  2266346979   3473746670   3836069035    742162035   3433983627   2142266325   4040152786   1202493860
  1960110921   3638713241    763989492   1709741431   2331581890   4118052085   1619981124   1534650224
  3399862477    293631871   2149260373   2268970382   2761929848   3522002527    802559626   1196211889
  2854448048    511295355   1306418889   2968284459   2614166129   3907682980   1795287849   2360487695
  2731902313   1284564608   2047670831   1480807025   1522366076    714319006   4155146404   3987677490
   322064805   1477346154   1039867017   1779864416   3815640729   4268895511    683113786    654209593
  3105001941   2772474156   1555565952   3730726208    200845003   4259934580   1762882385   3297922799
  2456383356   1689611031    125568528   1033696435   2193970691   4175984586   2924532659   2097430076
   128332665   1785532454   1069366989   2682289228   2218314034   1315049565   2851451066   4270403847
  3732372228    120277300   4004296182   3979798300   1580320431   2746777883   1754288211   1177129681
  2980592776   4287347947   2761011202   3031068795   2629706041   1667805124    683722295   3718423346
  2631310293   2968685396   3013345136   1818086013   3418439536    240620516   3253624186   2908725828
  2356968486   2693283517   2324560101   3867660974   1645196237    301865993   2793464091   1560162412
   120483985   4018602694   4028794187   1005198843   2739283867   2534244594   2565099334   1532668523
  4041078378   3645860102    917183635   4023513498    525218553   2750438874     16096982   1925329165
  2586887772     66621879   3339545813   4184110865     31038654   2699986331   1455986435   2399250033
  1591686919   3953978375   2846048830   1803501143   2112462490   1833535188     50147255    778945250
  3133593050    298514153   2945784735    249948836   2244171624   1807693703   3822165652    431186250
    64748778   3800695563   2974448354   2856606491   3412546201   3308126591   3293967018   1667509868
   341419713   4242740198   1920952091    606509061    783787965    157569878   4102547380   3198180090
   582655136   1506896873   1438038866   3197916042   2232991092   3059803739   2817491691   1324111804
  3227370337   3258681467   3637317674     61624832   3906886356    238544552   3038112030   1529410787
  3965947906   3881785918   2207530987   1259333832   1247373609   4003784101   3044962652    119539957
  2401347209   2889095352   4141829188   4024178662   2917268285   4233484224   2829745109   3731483578
  3976135141    233428647   4088532941   3327621937   2278514086   1298708129    309046798   2399349365
  2067427555   1386576923   2271863092    113623361    892864665   3286517330   2330466283   4122747108
  4213545755   2474510705   1777157721   3517569459   3511817068   3721466568   2383941141     94953234
  1283368218   3692009384   1946049145   4211862107   4102327740   3697288288    672945941    995858768
  1633635736    374308710   3696548424   4065936290    667932817    131926850   2349450264   3464644945
  3420573802   1199467390   1625317677   2226840431   2506887189   3974080808   3925000717   1828851357
  1373978788   1603129138   3308915513   2793306365   1100952759   1342124779   1045713264    820580943
  3672736075   1028098697    203160111   1798692014   4230134063   2935987073   1504081621    605050571
  4235321919    178544341   2641127475   2766034304    906514294   3087499451    803719979   2757372966
  2116988772    738935050   1703216164   4122308812   1939687903   1990718411   2487241192   2723243145
  4239920911   2919193845    222354861   4243852156   1256751447   3427536427   2427256582   1372963283
  2462898970   2847558073   2417044233   3625705370   3604421025   3942830127   2058858146   1096950422
  4133189083   2098075521   2242037450   2769385011   1601887137   3965798253   2912751028   3007762461
  1697232011   1658328515    322136284   3295288351   3685487712    344065892    285044682   2606118409
  2319201967   1035937946   3176886300   1558530865   2852346700   1179764003   1018165704   1385272647
   423386110   3992795799   1934447046    246793190   1993761058    142937908   3960329450   2797908564
   929325910   2468231255   2640623603   2999159936   3706061494   2904879062    313988114   2155253385
  2866520391   1993838250   1225903593   3700385275    736949324   3779923825   2764643184   2066077553
  4199084200   2151643120   4023965172   3100547822   1189047448    192068314   4265108352   1981112110
  1957148171   4175179123   2168381106   4190768371   1211337780   1137815406   2560991057    987777094
  3272866598    575398946   3119854836   3520040089   2841044046   2642984841    910292581    228934760
  2460460696    444802643   3045428049   3900990546   2149707401   3755508076   2344122721   4000506022
  1309536177    244630025   1992712231   2931967641   1017892803   3561837708   3366708489   2762586257
  3670113951    559706413   3057958243   3424559592   2116658779   2498415911   2691612223   2133505208
    60772261   2029828802   1526533017   3258051747   1303641292   1609003918    806428697   2375945356
  3019174838   2952494005   2574106597   4149237462   3439149245   1422015147   3031179464   2197490537
  2048181743    429946527   1310909813   3065748607   2184094733    580633256    892843526   1368262685
   941895884   3925372477   1840557624   3373547328    699191859    823212772   1619804602   3600810894
  3823295849    384112283   2746736625   2718525354   2881933076    467434363   1080986709   3674362611
   719137408   1853900369   3932983138   1832287256    798447793   3724785834   3991489923   3590657367
   766992380    463125573   4105188883    283371051    256103379    551780124     42673130    713254705
  2523394357   3281623956   1426010997   1935958695   4193239906    785252394   1854049400   1509764772
  3780949505   1493754547    749777956   1327126559   1600050114   1846667484   2629445151   3131150432
  1655728794   2799961112   4074605108   1541404838   1543469783   2824994403   3228714811   2814055183
  1264286489    765422193   3841096079   2039079479   3035572042   3512207717   4270673212   3167695578
  3822889272   2168215880   4053653044   3664377014   3971312237   3398032747   2646148110   1769801411
  2386525842   1337458905    301199170     51755285   3274785877   2254175739    990148171   2350764198
   552015556   4122403173     26248528   1519151779    551863806   4196994379   1732626302    516140594
  3066723794   2884105513   3437543185    301860405   2449330693    549101024   2570922878   2982905355
  2252715181    200995372    885987710   2227928793    657015179   4129767676   2050891201   1219329767
    94775526   1287338727    481121512   1160423859   3666032486   2385308166    923826626   3069631929
  1076596727   1492415551   1079577768   2944889312    831513182   1719312203   2695197800   3547965961
  1766158890   4121694256   4143100249    538911933    337487309   3523748126   1522046895    566360037
  2188598425    542080616   2665122122   3232215979   2330381196   3370078027   1283445166    627925842
  2643268514   2978570345   1454985089   2401755083   3153911193   4036518772   1704652609   2330568335
  3794480369   2830385099   2411642271    889509444    225373992    349750557   3670887367   4075211435
  3256475296   1187976104   2530686215   1030396500   4025604480   1315368460     39576191   3757004154
  3497622557   1345062967    859710896   3246395603    372634740   1111984169    120463918   3703577741
  2532656238   1062587653   2662634083    742042544   3403083484   2830800744   1217100096   4289831444
